20302
422
2073
965
472
353
22728
438
183
139
141
142
313
143
114
140
141
144
142
141
141
142
334
345
224
186
125
1947
596
430
405
337
360
396
385
349
348
406
413
336
398
424
315
1854
10730
474
625
8589
4633
529
261
267
293
224
327
558
516
398
383
418
384
396
426
374
634
475
293
289
284
253
11066
278
2259
330
309
294
284
286
297
4722
251
238
217
230
2036
567
571
568
756
596
543
740
419
560
394
668
539
269
297
362
327
250
352
442
552
790
643
382
303
262
305
262
316
261
272
234
267
285
1147
575
862
1069
8898
755
778
365
225
459
1861
375
319
305
261
151
160
174
162
992
149
167
190
139
114
126
140
133
136
134
147
109
136
117
135
1016
168
5760
478
272
284
241
239
298
241
274
241
239
241
242
240
238
232
239
523
319
278
443
2907
1379
605
593
602
590
608
837
1497
392
446
275
320
244
244
241
238
244
2218
2156
410
681
270
203
222
1520
1144
265
225
316
750
354
362
521
449
530
329
176
210
764
318
771
1017
1016
1179
909
1038
1509
998
1194
1012
922
924
822
652
532
408
407
385
336
217
212
351
338
323
277
279
295
300
396
344
266
136
138
426
296
181
137
140
138
167
219
555
341
198
136
471
302
598
189
139
137
416
442
319
261
327
272
313
203
285
193
229
331
719
689
1827
357
324
345
349
326
352
186
216
380
592
377
302
315
302
265
221
300
1496
417
348
253
868
647
432
295
389
842
552
655
444
278
166
589
779
579
363
386
352
710
178
693
465
1577
861
1166
1245
1652
1261
1027
919
983
1118
897
618
629
549
468
743
765
455
459
433
347
407
736
822
558
546
585
619
632
613
537
703
550
584
298
266
320
285
298
291
267
309
661
743
944
680
396
388
451
390
337
248
145
147
143
145
142
144
161
315
141
144
256
696
1239
378
297
537
551
309
200
142
206
146
208
144
204
144
1809
652
301
424
484
507
353
289
299
727
522
808
145
153
428
181
2159
352
212
1047
621
726
376
414
264
272
268
268
237
327
337
255
296
223
275
236
252
261
279
155
208
1761
269
288
254
253
435
357
258
362
326
374
328
193
354
204
289
495
158
226
613
208
589
279
208
212
408
365
498
351
427
147
161
269
708
524
625
480
374
459
601
371
547
461
385
133
146
1057
366
199
459
244
752
246
773
251
197
219
189
212
147
156
1455
133
157
770
1502
1823
506
415
443
479
441
444
690
179
148
162
756
600
344
429
777
531
450
361
326
515
336
462
413
445
419
380
415
400
468
467
479
386
385
446
461
416
387
183
158
154
157
156
158
156
1719
868
341
185
156
846
804
723
478
461
461
469
466
563
398
355
337
277
603
164
147
155
164
859
487
2722
214
548
745
185
169
271
142
140
157
157
154
171
157
154
384
301
376
375
1779
1965
1479
299
161
1509
590
149
163
151
241
380
1165
509
599
141
186
2643
520
408
275
351
141
183
382
159
242
424
2414
213
304
442
649
469
494
481
290
255
587
500
387
469
470
471
394
287
423
360
297
840
445
1983
3479
271
182
180
210
621
227
530
415
180
391
683
156
147
157
184
305
3675
566
340
664
1272
796
1113
875
241
1068
413
147
159
154
1513
729
1170
240
800
446
449
317
704
681
256
161
172
163
187
409
445
379
648
357
642
161
154
166
418
427
704
410
417
386
700
361
395
369
463
481
962
3139
1120
610
478
580
216
288
295
703
240
162
277
213
264
221
206
267
220
1090
241
197
2174
4908
160
151
183
1722
801
214
221
282
220
1665
197
156
161
396
944
429
152
156
174
5322
478
350
721
600
465
550
521
524
511
517
457
237
231
229
232
275
223
229
8460
2534
3880
488
422
154
366
175
637
433
385
353
406
391
374
407
406
595
599
302
313
318
307
283
297
1464
289
1062
447
367
430
423
577
393
351
408
345
928
743
279
239
439
276
283
256
408
227
224
456
323
161
779
181
153
1461
232
437
268
411
354
490
385
374
207
365
895
541
1339
550
523
517
506
513
1105
3758
799
422
461
178
194
447
325
236
289
244
258
276
183
177
190
220
564
1158
291
5658
843
1762
1679
620
277
161
179
1811
620
794
666
390
188
705
229
1303
836
4090
461
230
238
165
163
175
173
236
673
817
745
288
250
462
479
369
559
1072
587
422
501
495
305
595
461
503
485
495
199
155
165
167
170
165
164
3298
2004
621
391
4870
418
850
1907
1878
2533
459
321
599
511
531
623
1589
1205
1712
359
206
205
204
200
184
181
1002
164
1404
292
1751
7158
803
2139
476
487
513
488
426
318
301
563
1013
629
248
184
185
1379
417
391
343
640
371
235
269
290
171
167
1199
1056
536
405
379
396
304
162
535
400
169
679
395
354
