21985
21602
21892
23164
22079
21432
21841
21728
21841
21440
22220
21243
21728
22190
21693
21677
21583
22200
21118
21771
21242
21332
21818
22061
21169
21184
21275
24504
21100
21388
36545
21562
22690
31810
21339
23489
-978762
26602
21671
22186
21567
34267
21130
21336
37316
25009
21147
21559
21250
26313
21048
21670
21670
35699
21448
21050
21483
22102
23108
21060
22304
21311
21087
21242
21185
31188
21246
33998
21703
30308
21326
21853
21323
21254
21089
21591
21150
21271
-977445
21409
22023
21384
22880
21792
21183
22286
21101
21438
21762
21309
21582
20936
29685
21077
20920
21380
21720
30822
21925
21602
21850
22041
21097
21252
21321
22414
21328
32663
21262
21101
21758
21709
21249
21299
21441
21956
21099
22125
21467
21278
22022
40481
-977982
21969
21369
21682
22522
21861
32048
21937
21059
21299
21340
21799
21258
21469
21803
21663
22209
22027
21945
21508
31231
21575
21055
22020
21627
21382
22038
33998
22147
21524
21427
20955
21961
21415
21718
21687
21716
21299
22451
21753
21405
21816
21501
22184
21915
-978560
21587
21624
26496
21748
21951
23852
27814
21494
21334
33275
22034
22009
31452
21456
21863
21273
21451
21319
21779
21425
21705
21637
22734
21696
21825
21710
21270
21197
21708
22062
21924
21662
21262
21734
22491
22231
21998
21460
21380
21469
21427
22458
30971
-972706
21095
21849
21421
21274
24503
21652
21409
21832
21209
21193
21152
22498
21209
21279
21977
21190
21235
22934
21512
21238
21276
32955
22397
22477
21542
21595
21124
21470
22545
22245
21332
42838
22365
21492
21462
22296
21298
21728
21440
21275
22790
21237
21792
-966506
21334
21872
21575
22067
22211
21646
22102
21456
21875
22071
21833
21582
21552
31995
21255
21227
21386
21571
21697
21138
21763
22213
21435
21996
21443
21367
22073
21322
23270
21379
22106
21447
21798
21770
22260
22021
22073
21362
21727
21834
21652
21890
21616
21851
-978129
21976
21914
22667
22446
21320
21917
25039
22033
22329
22112
21920
21839
34497
21870
22346
22611
22143
21538
33683
21349
21263
22134
21364
21939
27589
22047
21584
21437
21802
21471
21513
22145
21975
21936
21343
30210
21856
21716
21813
21996
21550
22167
21761
-976995
21229
21964
25416
21989
33502
21909
21668
21718
21243
22043
22240
22222
22788
21292
21232
21296
21323
22179
21600
22240
21768
22919
22310
21819
21436
22256
21877
25158
21367
29135
21366
21525
21983
21981
21978
21943
22176
21557
21676
21576
24261
21308
21225
-977818
21789
21603
21804
25516
36916
21375
21525
22647
24529
21669
33693
22401
21412
21308
21849
21902
21603
21484
22069
21683
22761
21961
22896
22061
21977
21314
21946
21319
22313
35993
22418
21622
21801
21983
33346
21273
21582
23946
21921
37041
22139
22298
-977680
21434
28613
23151
21518
24150
22029
21322
28395
21489
21588
22628
37500
21860
43055
22643
21327
21170
22203
21436
22042
24918
21041
21046
22151
21510
21574
22021
20960
21396
24373
21521
22301
21683
21865
21617
22306
22367
22055
21054
22069
21602
-965056
23946
21551
22605
21701
21585
21922
41611
22145
21733
22027
21856
32841
22185
23012
21971
21345
21669
21790
24217
21485
21630
21359
21570
21904
22084
22218
22103
26756
22932
21842
23611
22163
21196
22128
21517
21506
21535
21673
21377
22593
23572
22129
22415
-978863
21950
21245
21772
40421
31529
21283
31371
23342
21723
21280
21831
23264
30371
21674
21728
21392
24516
21474
25285
21318
22139
21265
21891
21722
23808
21363
21274
21415
23354
22283
21562
21593
22269
23077
22430
21900
22002
32910
24315
21659
21444
21548
-978536
22280
21582
21589
21544
21855
22357
21661
26062
21254
21809
23642
21841
22608
27684
30337
21091
23797
21113
30957
23387
21941
23582
21918
33910
23997
21373
21644
22210
21549
21824
21220
23057
33915
21443
22018
21633
23912
22176
21427
21463
21764
22166
-978646
22943
22182
22047
22466
21972
21767
21640
21538
21911
21496
21850
21571
21631
21422
21774
21718
25642
21483
35773
21211
22399
21962
34303
21631
22286
31848
21682
22801
21313
24875
21605
21441
21498
21798
21652
21511
25243
21642
21455
21807
21357
22007
-977946
40087
22730
37514
21698
21635
24258
21533
21799
23095
21750
21756
22296
21447
22322
22093
33958
32663
21486
42094
22653
22412
21744
25597
22394
21890
22388
21435
22236
21832
26959
22370
21627
22099
22097
31761
35628
23122
22356
21917
22134
-978035
21774
29079
21371
22017
22164
22126
22409
21447
30342
35911
21419
21789
21584
21931
33494
21845
22082
21637
21787
21384
21714
21484
23562
22282
22793
22206
23114
22560
37480
21783
21685
21730
21561
22084
21391
21976
21183
21954
21682
22110
26660
-977801
21902
21400
22223
38784
21577
21541
30066
23979
21448
21828
21862
22678
22399
21231
27632
21657
21526
21930
22696
21864
21459
22258
21842
22336
35547
21954
37933
24133
28005
22743
21946
28061
28703
38972
22024
25272
23022
23166
30020
22513
-963308
29616
23659
22485
25552
22697
32355
21622
22156
23103
21396
22573
21799
23091
35806
21690
22010
21777
43044
22135
37048
21951
38400
22133
21661
21631
22787
21447
21672
21388
22335
21645
36209
30955
21681
22510
24555
21457
22493
-978387
22115
21401
21451
22079
34394
21135
21757
29492
21214
21946
21440
39652
37183
34891
22147
22259
21553
22088
22332
36810
23494
22097
21880
21616
23957
22362
21821
21596
21959
21932
22238
22086
21356
43645
29784
21826
22235
21480
22477
21972
-977833
22403
21746
21545
36220
22195
21698
22043
21775
21690
37839
21675
21602
21713
21442
21706
22982
21713
22276
37357
21644
23070
22251
21555
44197
22303
21748
23226
21847
22135
23212
21718
22350
21849
24887
38552
27868
28598
27590
21519
-978352
21701
23579
21805
21542
21475
37848
21681
22864
22271
25261
22727
21875
28473
22843
22837
22467
22338
21424
30725
23096
21761
21956
22588
21879
23958
21606
22634
21938
22538
21751
21995
22054
22094
22264
22757
39331
22306
22592
22940
22035
33489
-977214
22702
22332
21753
23031
22123
22371
22807
22101
22024
24212
21967
21474
22272
21816
22001
22863
22102
23469
23484
21928
21985
21774
22257
25905
23278
25701
21574
21576
22191
22062
22071
26538
22437
29795
22359
22336
21963
23479
22529
21817
22358
24711
22876
-977848
23915
21655
21790
23593
22496
22953
22406
27029
22560
21818
21338
21447
22671
32415
36220
21452
34964
22832
22543
22633
21406
23563
21887
