172775
156570
167160
1346327
335924
178454
192587
168166
168045
180515
164597
173731
180925
156189
189155
164850
379850
172118
168221
171994
172281
176558
177032
169540
175473
161399
170303
164489
161148
167300
168800
167286
175853
164390
163456
171972
181826
162996
161118
169848
162069
159707
354122
1445805
351222
174579
167364
158509
167383
177100
166884
165938
176744
187169
156905
166123
168028
162219
182736
164647
181272
1157014
194394
169193
173117
158328
174381
364760
165239
178328
1389949
167521
174474
157230
166839
175817
166889
160826
160794
168182
156862
174170
183069
167095
359164
163785
2415
1178327
163770
174902
331600
171955
160187
164414
160475
170848
350937
170803
162204
157924
161469
345078
167747
158326
167437
333679
311324
356740
368944
172007
163416
191688
387255
176177
175079
170491
1293941
173818
158411
392617
1116715
154596
180112
178112
178395
168380
165240
172248
178753
174011
162034
159041
173785
165395
176034
159452
164984
172399
1179486
167637
174267
160876
816653
165608
180732
164551
168266
167672
177696
183580
160857
171355
177746
173362
166208
162305
185625
167202
338740
179425
160800
174781
155226
156360
177386
192254
