2675
967
1016
1004
1006
950
2411
1652
1441
1072
1041
983
1185
1027
1083
786
532
1201
917
1009
1029
1033
1074
919
1489
1091
3910
1123
1770
1302
1107
2244
1066
983
2293
951
962
1053
1079
1020
1045
1059
1036
1005
1177
1077
1096
1018
1169
1058
6441
1445
1325
1488
853
851
788
764
788
825
805
882
1967
1931
4022
1229
1230
1076
1042
1236
1104
1119
1194
1092
1096
1061
969
1163
1039
989
1231
1059
1040
1090
987
1089
1061
1598
1064
1132
1200
937
1118
1004
1092
1030
1026
1104
1065
1182
1060
1220
1702
1349
1132
1130
1068
1095
1233
1001
1122
979
1022
1073
1085
1209
1061
1008
1082
1062
1072
1075
1071
1057
1078
1861
1171
1111
1205
1445
1219
1181
700
1176
1054
1140
1169
1127
1050
1055
1093
1108
1078
1120
1088
1113
1030
1133
1085
1027
1077
1345
1533
1142
1213
1132
1135
1131
1037
1130
1044
1384
1447
2911
1099
1149
1133
1113
1077
1223
1145
1103
1115
1095
1134
1156
1955
1079
1130
1171
1072
1087
1120
1333
1131
1196
1253
1407
1148
1169
1157
1067
1151
1149
1175
1112
1207
1136
1110
1048
1142
1118
1263
1314
1257
1102
1196
1170
1166
1078
1083
1102
1176
1122
1336
1232
1112
1024
1219
1209
1154
1182
1158
1178
1093
1162
1175
1108
1312
1224
1721
1235
1138
1246
1062
1142
1132
1217
1139
1124
1113
1149
1134
1152
1420
1117
1315
1039
1127
1200
1356
1174
1250
1336
2802
1212
1130
1153
1101
1156
1158
1160
1145
1160
1125
1121
1072
1180
1151
1243
1322
1209
2761
1177
1191
1268
2611
1813
1101
1183
1753
1169
1047
2842
1119
1212
1186
1190
1301
1098
1168
1107
1339
1131
1208
1194
1155
1118
1215
2765
1473
1089
1184
1146
1173
1118
1139
1221
1186
1168
957
1435
1290
1296
1277
1137
1150
1262
1159
1169
1767
1074
2602
1440
1192
1260
1223
1138
1454
883
1750
1550
1453
998
1361
1211
1207
1369
1195
1175
1197
1199
1233
1253
2037
3322
1268
1187
1404
1167
1186
1196
1192
1227
1674
1577
1144
1351
964
1384
1378
1267
1195
1151
-998802
1261
1219
1297
1325
1243
1474
1232
1162
1250
1221
1210
1282
1164
1228
1344
1231
1216
1227
1379
1524
3122
1262
1368
1213
1193
1334
2088
1231
1253
1127
1211
1227
1199
1249
1278
1253
1279
1306
1236
1292
1199
1550
1271
1502
1329
1248
1260
1273
1252
1136
1419
1048
1156
1630
1274
1306
1606
1336
1232
1457
1225
1203
1313
1207
1157
1475
1426
1396
1358
1200
1219
1265
1264
1229
2932
1279
1541
1831
3299
1271
1483
1268
1339
1218
1292
1168
1313
1200
1239
1256
1595
1179
1280
1347
1475
1641
1379
1345
1375
1257
1289
1696
1323
1454
1391
1532
1399
1301
1248
1264
1328
1258
1241
1331
1286
1332
3015
1295
1185
1353
1339
1333
1254
1225
1762
1843
1562
1376
1348
1487
1310
1313
1306
1287
1278
1410
1286
1555
1394
1310
1424
1270
1245
1284
1309
1269
1198
1591
1357
1225
1410
1278
1660
1502
1318
1324
1289
1313
1479
1213
3018
1469
1371
1562
1386
1245
1325
1326
1308
1464
1301
1207
1684
1375
1056
398
1674
1528
1406
1336
2905
1311
1278
1655
1614
1648
1181
1214
1450
1267
1318
1339
1279
1340
1310
1363
1386
1421
1369
1340
1188
1366
3499
1524
1783
1800
1602
1913
1310
1377
1313
1151
1453
1290
1302
2076
1856
1400
1277
1298
4555
1681
1349
1362
1402
1432
1940
1471
1786
1328
1282
1510
1369
1343
1378
1326
1316
1433
1372
1391
3336
1487
1353
1300
1399
1369
1397
1739
1536
1875
2149
1352
1342
1314
1296
1365
1340
1358
1497
1541
1774
1576
1351
1505
1355
1319
1399
1294
1404
1679
1405
2035
1403
1368
1703
1391
1309
1361
1359
1583
2418
2057
1391
1446
1457
1450
1400
1273
1385
1319
1352
1354
1264
1704
2158
1943
1427
1368
1335
1389
3252
2315
1386
1403
1599
1501
1392
1352
1379
1540
1385
1433
2086
3399
1370
1402
1490
1355
773
1745
1356
1352
2570
1722
1757
1428
1744
1301
1361
1386
1422
2012
1470
1375
1515
1314
1337
1587
1962
1436
1424
1399
2078
1871
2563
1429
1498
1436
1373
1508
1376
1412
1448
1521
1583
1524
3038
1796
1601
1453
1441
1492
1603
1398
2178
1587
1755
1418
1562
1515
1394
1534
1808
1857
1554
2162
1499
1743
1544
1396
1462
1414
1395
1597
2147
1615
2050
1747
1528
1310
1483
1418
1396
1512
1584
2066
1428
1468
1412
1417
1447
1583
1382
2163
1689
2015
2172
1252
877
2359
1452
1299
1499
1855
1777
2098
1503
1383
1470
1398
1390
1415
1475
1489
1502
1338
2287
1813
1312
1665
1718
1388
2193
2275
1424
2130
1574
1503
1251
1614
1593
1464
1621
1450
1438
1742
1499
1492
1475
1515
3316
1599
1514
1477
2192
2284
1766
1463
1635
1420
1450
1572
1501
1449
1433
1486
2286
3009
2001
1555
1588
1431
1606
1819
1587
2264
3808
1552
1726
1476
1415
1573
1479
1651
1838
1764
1944
1610
1532
1494
1595
1483
1442
1751
2314
1703
1614
1722
1460
1541
1584
1499
1591
2569
1640
1486
1462
1934
1536
1544
1505
1489
2177
2245
1624
1553
1562
1473
1469
1613
4430
1499
1676
2061
1534
1661
1430
1490
1512
1648
1537
1790
2788
2146
1663
1555
1617
1430
1189
1827
1520
2657
2639
2233
1815
1463
1574
1654
1570
1551
1660
1552
1541
1449
3162
1866
1517
1548
2402
4371
1665
1924
1641
1576
1581
1519
1587
1688
1707
1556
3541
1926
1703
1612
1596
1547
1826
2740
1657
1842
1706
1730
1642
1641
1543
1609
1618
2211
2038
1473
1481
1630
1748
1654
1470
2575
2697
1953
1688
1520
1544
1589
1559
2322
2965
1846
1660
1863
1682
1762
1545
1530
3205
2923
1801
1592
1455
1886
1601
1551
2276
1803
1784
1592
1632
1577
-998389
1541
1513
2032
2273
2239
1838
2096
1677
