348028
146812
124488
119013
158354
133428
117393
175712
1133177
142557
327632
144713
124581
120688
1018249
125667
110688
142660
130684
937956
148825
154351
108791
104234
117260
167784
1078044
126357
124869
122567
305878
127401
139922
321333
143338
294892
159853
121800
120274
985136
110821
293757
344667
116218
144356
154039
161043
142999
117866
143042
862858
166915
127487
315924
173904
119120
292697
119480
1111285
166633
137779
370163
114351
135593
126377
121923
111561
161304
159586
137394
117688
138851
162909
122089
134303
114934
154149
114448
155991
128477
114270
151320
124045
107848
138731
936581
148710
152744
310902
267011
132242
134675
164443
126561
184586
163782
137103
152615
142589
173793
246204
128777
332926
146462
132290
186346
128466
342541
134747
303073
333709
166279
296229
339971
113513
164580
132173
160333
341023
118780
136899
127549
236237
318891
154955
363933
141591
312627
325880
136104
311185
150866
111526
148939
156031
137905
141609
130544
141036
118175
1075974
106493
153552
141074
119642
156320
176597
124889
998879
141006
322547
104581
145754
128910
131382
133776
160722
346000
279964
122981
154818
145538
128779
129716
158468
1115613
243989
138311
