68499
193940
79836
106196
73647
266727
119339
124026
96314
71462
92673
80915
97741
54426
113249
138171
95515
115473
86407
65581
73843
83024
77122
53017
131448
114209
68029
97166
85025
76659
788879
78384
91973
231994
122533
114769
66385
57669
59691
64018
105445
90270
56773
72401
55063
60107
151487
93360
70676
93104
78544
94134
275652
68370
189197
74680
97660
71093
77796
188802
201214
93525
62265
861141
234362
69502
79126
117196
90942
173226
75706
78754
73191
78880
84131
95393
82744
80158
76070
91798
76099
95763
156600
99865
112796
68432
69356
227775
64967
73332
73687
98557
75844
177714
76879
124981
241575
213159
840330
122738
66361
71402
59812
162704
82649
60074
162591
302346
186739
475519
132335
96293
73887
102657
81643
82640
