655
3254
770
859
972
756
769
743
751
1083
703
968
5555
980
862
766
915
1006
869
831
840
880
960
14950
873
792
548
1221
960
898
894
921
1468
943
897
902
897
1058
870
887
1135
1060
951
2187
836
988
874
1250
916
883
838
863
1315
930
928
1002
805
905
2092
1037
947
962
1123
808
947
899
868
951
961
924
920
904
890
891
2321
968
874
919
1042
870
884
917
856
885
895
912
1268
725
886
911
948
893
929
904
1005
932
1063
932
899
922
1428
937
934
894
996
895
993
827
888
1124
893
926
1036
925
954
893
1133
1069
1037
1463
874
952
939
938
968
937
869
956
1088
890
912
937
926
938
916
931
960
957
788
668
607
563
1788
971
883
1030
969
952
875
910
937
870
932
927
1224
945
890
2462
952
927
989
984
915
1378
1082
946
964
2462
1045
917
1025
989
926
962
1050
944
919
877
949
949
937
989
1024
971
1020
2164
1293
987
954
1032
1133
1003
1051
1054
1072
2395
1056
588
1169
1132
998
924
983
931
1041
976
1012
928
1078
999
987
954
1101
1147
927
2516
981
1062
1102
1040
1004
947
2463
1209
1100
939
919
975
953
1597
1101
1326
1064
1015
966
1089
1051
964
973
968
971
1008
992
1025
975
981
951
904
1020
1044
991
785
380
1981
1078
1502
1040
1027
1040
1089
1111
915
876
703
1286
988
1038
973
962
980
962
1012
1044
1008
957
1564
1005
1012
1064
1000
2494
798
1166
972
968
1101
1012
1024
967
1261
1101
838
1154
1158
1065
1075
1012
994
978
985
1022
1067
978
970
1551
1011
1010
1107
1011
827
2884
995
1039
1027
1005
952
992
989
1008
1026
1097
1862
1100
1046
1181
1092
984
1064
1098
1081
943
1031
1051
994
1107
1001
2140
1088
1134
1031
1019
1055
959
1222
877
849
1505
963
1049
1003
1285
1220
1266
1503
1386
1221
1266
1217
1188
1123
941
1007
2832
1154
956
892
1267
1082
829
1474
1121
1093
1229
1139
1055
1057
1853
1209
1212
1117
2209
1099
1031
1024
1099
1049
962
1380
1091
1376
1115
1034
1172
1109
1349
1534
1223
1050
1233
1127
1094
1072
1045
990
1038
1059
1023
1050
1145
1057
1016
1084
1011
1195
984
1069
1146
1093
1073
1035
1073
1553
1367
1833
6323
1067
1493
1422
2015
992
828
1003
872
937
1029
694
4853
1221
1289
1494
1980
1248
1283
1345
1248
1237
1118
1110
1309
1074
1019
1003
1163
1498
902
1439
1080
2092
1155
1151
1011
1189
1073
1111
1125
1318
1118
1427
1373
1153
1154
1266
1163
1126
1039
1100
1123
1131
1049
1156
1118
1094
1508
894
748
704
1641
1075
1077
1159
1080
1326
1125
1141
1145
1084
1136
1472
3404
1099
1158
1326
1149
1139
1098
1921
1238
2863
1141
1234
1141
1107
1255
1151
1137
1269
1551
1198
1141
1616
1434
1211
1413
1251
1222
1197
1111
1128
1372
1131
1367
1506
1293
1150
1217
1188
1100
1132
1196
1108
1065
1155
1150
1103
1113
1523
1208
2886
1179
1204
1211
1155
1192
1437
3190
1386
1161
1152
1866
2908
1171
1177
1212
1455
1140
1155
1165
1116
1119
1249
1231
1193
1175
1225
1125
1152
1065
1294
1255
1273
1217
1164
1139
1894
1230
1175
1223
1099
1309
1190
1190
1101
1171
1137
1183
1152
1261
1184
1219
1404
2706
1302
1122
1150
1170
1165
1164
1622
1592
955
1392
1535
1270
1318
1143
1141
1317
1179
1173
1157
1082
1056
1203
1475
1214
1697
1376
1311
1251
1379
1532
1275
1248
1200
1182
1477
1372
1759
2117
1232
1316
1198
1265
1145
1147
1191
1152
2243
915
1513
1217
1261
1171
1220
1155
1160
1230
1187
1236
1755
1348
1760
1711
1209
1607
1221
1181
1211
1190
1079
3199
1196
1286
1204
1204
1219
1489
1188
1241
1285
1195
1206
1993
1334
1834
1389
1286
1372
1296
1190
1274
1142
2001
1392
1290
1171
1258
1164
1201
1222
1210
1236
1376
1573
1157
1451
1250
1232
1847
1613
1110
1139
1691
1293
3011
-997590
1235
1236
1982
1239
1748
1350
1114
1294
1657
1212
1413
1236
1810
1078
1052
1266
1254
1244
1235
2776
1418
1310
1245
1245
1341
1738
1324
1293
1479
1239
1280
1238
1303
1242
1242
1209
1246
1674
1245
1252
1231
1251
1888
1607
1365
1358
1345
1255
1388
1460
1307
1761
1304
1245
1220
1261
1357
1318
1238
1266
1312
1317
1279
3370
1475
1288
1319
1419
1311
1371
1337
1236
1273
1325
3186
1346
1134
1269
1487
1270
1470
1285
1275
1246
2893
1663
1342
1213
1302
1314
1205
1262
1417
1279
1284
1724
2603
1104
1292
1309
1401
1448
1385
1334
1369
2176
2216
1813
1070
571
548
557
2724
1535
2448
1306
1396
1495
2026
1711
3306
1282
1661
2029
1815
1475
1366
1377
1747
3378
1474
1421
1431
1325
1327
1228
1336
2077
1307
1504
1330
1335
2226
1329
1258
1354
1341
2437
1773
1490
955
1538
1547
1297
1377
1414
1299
1388
1611
1460
1420
1601
1542
3180
1937
1223
1493
1826
2169
1746
2126
1527
1340
1527
1483
1245
1300
1560
1300
1328
2069
1804
1088
1667
1401
1492
1381
1376
1313
1375
1471
2643
1629
2080
1437
1614
1317
1283
1436
1239
1317
1460
1587
1816
1287
1350
1478
1473
1301
1413
1374
1319
1996
2134
1759
1365
1552
1329
1500
1513
1300
4383
1469
1478
1292
1505
1371
1567
1402
1411
1427
2210
2541
1712
1397
1580
1391
1393
1506
1869
1355
1454
1409
1431
1312
1464
1447
1366
1424
1609
1354
1416
1531
1318
2731
3604
1361
1699
1354
661
1897
1334
1327
2211
4355
1469
1561
1417
1379
1501
1476
2047
2127
1474
1294
1390
2452
1392
1559
1356
1373
2253
1822
1811
