497
742
667
703
676
675
671
669
665
566
408
424
407
405
408
425
433
435
1015
441
462
457
460
438
410
393
5776
2459
725
763
721
692
685
821
729
962
712
693
777
688
680
694
1063
1402
957
740
798
664
1144
980
615
908
755
1490
1826
970
953
708
719
825
673
748
720
720
765
762
726
757
709
738
870
678
785
567
1982
740
734
741
754
785
733
730
740
740
731
731
781
750
726
688
768
728
712
642
408
414
1443
877
993
792
771
766
755
761
750
745
830
713
756
734
732
728
717
725
776
720
775
1143
944
772
645
699
1120
814
817
754
799
761
731
724
772
2303
785
779
853
816
770
779
783
911
1424
932
873
905
781
785
773
726
790
744
736
811
823
992
770
812
768
681
1031
802
778
794
794
836
801
774
755
689
562
1347
785
770
832
824
987
828
914
829
768
794
790
825
922
803
806
816
843
1056
789
797
836
1340
798
755
786
795
817
783
798
849
777
770
805
774
886
814
849
840
804
814
876
827
794
845
884
1269
829
1171
857
896
806
803
836
818
930
779
773
832
794
825
766
823
864
816
838
847
800
801
826
935
725
638
648
1552
878
897
870
958
919
886
813
818
867
999
863
906
1027
687
834
882
874
909
1090
855
776
986
824
826
852
796
855
938
835
860
1133
842
497
1339
836
886
839
877
875
939
940
873
880
888
1633
876
648
559
746
1187
912
944
982
888
838
876
839
906
864
858
834
973
879
959
1045
1037
908
890
931
867
1318
892
873
883
966
926
891
940
999
939
934
897
926
878
812
859
616
639
1205
861
908
1113
895
907
863
865
847
597
2582
1566
861
959
900
845
850
879
860
897
879
883
842
854
907
841
898
859
1002
1433
996
469
568
1525
878
879
915
906
853
872
896
2782
1008
1416
966
1236
1022
702
1200
818
886
1007
942
896
884
929
939
925
868
933
907
881
914
888
1076
949
901
888
909
898
1044
3477
993
1080
933
1190
960
673
1150
937
988
971
1191
874
839
908
938
946
917
919
957
930
979
955
890
1604
934
880
1036
669
1472
984
1018
1112
1027
957
1064
932
894
915
1460
958
1019
1029
951
932
998
1090
980
967
987
932
957
975
850
883
1253
968
2177
1394
745
517
1449
1117
971
943
956
930
950
949
1004
1749
1003
1046
1118
762
711
1281
965
1071
950
969
1136
986
977
919
1662
706
543
1328
1253
1033
1069
1082
1032
1262
980
897
944
920
958
1379
1093
1114
1035
1207
992
1120
1148
1192
1024
935
1012
959
953
1002
1075
1089
1110
927
1156
1041
970
968
961
991
974
1055
990
978
1067
1137
1073
986
1021
1061
1117
1419
1410
1067
1022
1066
1042
994
1009
914
-998559
1115
989
1005
1547
3308
1187
1025
1059
1025
1211
1001
1030
989
946
988
1011
1274
974
975
1115
968
982
1042
1063
1141
1438
1131
1010
1053
993
1069
1259
1256
1086
1166
1004
1066
1089
988
1038
994
1060
982
1018
1009
1415
1023
994
984
983
977
1006
1022
2735
1362
1060
1180
1105
1216
1087
997
1016
1103
1221
1061
1170
940
1101
1080
1292
994
1012
1016
1027
1129
1014
1728
1013
904
567
1851
1147
1066
1032
1013
1020
1044
1268
1166
1056
1638
1513
1271
1360
1022
1079
1244
1045
1047
1034
1021
1044
1022
1064
1284
967
1098
700
1420
1105
1053
1067
1028
1076
1050
988
1025
993
1117
2029
3407
1074
1019
1077
1039
1037
979
1056
1129
1059
1066
1531
735
1602
1272
1041
1053
1039
1033
1054
1165
1111
1016
988
1091
1107
1137
1141
1410
1553
3678
1066
1155
1548
1047
1114
1516
1068
1116
1886
1142
3509
1071
1199
1170
1093
1037
1197
1057
1049
1109
1202
1039
1029
1068
1058
1014
1054
1109
1587
2199
1198
1100
1133
1628
1089
866
696
1558
1166
1184
1139
1163
1092
1143
1045
1091
1091
1302
1092
1056
1051
1047
1107
2910
1789
1200
1174
1111
1051
1532
1106
1342
1228
1123
1207
1328
1126
1100
1253
1122
1098
1106
1124
1085
1141
1072
1376
1016
699
788
675
2246
1180
1309
1175
1172
1210
1246
1249
1660
1161
1072
915
1646
1169
1393
1106
1124
1102
1148
1120
1124
1921
2404
1726
1084
1276
1349
1229
1318
1313
1210
1164
1245
1661
1809
1363
1189
1290
1196
1110
1127
1275
1275
1081
1261
1690
1057
1621
1086
1094
1164
1197
1266
1192
1235
1129
1105
1294
2000
2295
1848
1166
1149
1129
1133
1184
1174
1590
991
1695
1128
1979
1255
1293
1192
1148
1172
1428
1271
1189
1163
1190
1220
1252
2026
3898
1174
1645
1410
883
1785
1118
1201
1194
1507
3586
1327
1258
1331
1209
1156
1178
1176
1181
1250
1271
1381
1447
1222
1178
1712
1536
1258
1283
1184
1202
1936
1825
1632
1056
1325
1285
1141
1146
1214
1242
1174
1196
1195
1346
1277
1248
1390
2470
1677
1310
1337
1329
1381
1347
1241
1185
2045
3709
1553
1321
1639
1227
1151
1510
1242
1204
3611
1505
1408
1288
1333
1301
1198
1193
1771
1497
1653
3461
1455
1237
1376
1087
1119
1228
1236
1310
1373
3890
1741
1228
1355
1203
1299
1274
1157
1281
2143
1371
1157
1213
1588
1345
1336
1206
1205
1329
2696
1328
1115
1351
1299
1221
1231
1430
1416
1222
1228
1556
1252
1336
1335
1322
2043
1978
1259
1160
1326
1414
3131
1402
1329
1207
2122
