794
999
1091
901
1013
4620
564
456
496
462
469
485
484
498
523
9351
1002
886
907
1823
2110
990
1078
1060
1036
1055
618
1134
1223
1119
955
1003
1045
1486
2867
1133
1083
1049
1022
1009
1000
1039
1014
1063
1053
1080
1065
1016
1007
1066
979
1011
995
1042
1061
1028
970
1064
1036
1078
959
1195
1228
1069
1049
1374
992
1039
1121
1068
997
1059
1057
1079
1067
1104
1627
1023
996
1090
1089
1038
697
1189
1076
1057
1035
1068
1088
1105
1114
1119
1223
1054
913
644
2652
951
1118
1131
1098
1129
1059
1075
1221
1076
1180
1107
2897
1103
1109
1076
1051
1083
1085
1189
1046
1113
1104
1047
1083
1530
1133
2401
1109
1098
1063
1045
1026
1089
1044
1029
1048
1058
1478
698
1186
1155
1153
1062
1086
1215
1194
1134
1059
1223
1060
1025
1144
1158
2246
1253
1090
1053
1126
1097
1073
1058
1159
1252
2846
1022
1094
1194
1118
1127
1117
1054
1064
1129
1063
1176
1169
1057
1154
1096
1157
1098
1171
1209
1283
1199
1073
1175
1382
1063
1094
1178
1105
1128
1184
1772
1131
1117
1230
1209
1019
1143
1192
1070
1111
1168
1101
1082
1112
1651
1115
1052
1107
1114
1148
1149
1284
883
1328
1132
1098
1052
1097
1290
1271
1270
1310
1144
1140
1375
1179
1197
1155
1176
1101
1091
1144
1233
1131
1235
1149
1140
1492
1159
1153
1112
1103
1154
1181
1048
1562
1145
1395
1231
1096
1160
1251
1190
1106
1177
1069
1143
1156
1181
1218
1131
1340
967
1285
1257
1135
1151
1427
1176
1118
1124
1289
1162
1190
1115
1390
1199
1460
1197
1226
1190
1234
1180
1036
1132
1149
1103
1295
974
1299
1094
1107
1190
1232
1171
964
1197
1141
1128
1123
1209
1251
1560
1423
1311
1271
1177
1302
1267
1123
1071
1223
1389
1161
1282
1305
1201
1456
1125
1174
1586
1499
1116
1635
1136
1227
2113
1132
1171
1224
1166
1256
1172
1205
1199
1575
878
1545
2477
1511
675
2288
1270
1230
1242
1962
1496
1354
1192
1553
1173
1289
1458
1217
1199
1134
2936
1521
1271
1205
1355
1208
1368
1465
1275
1193
1181
1252
1186
1333
1733
1168
1324
1231
1211
1259
1207
1206
1237
1513
1507
1457
1221
1141
1235
1209
1232
1210
1632
1272
1150
695
1557
1294
1542
1191
1273
1099
1193
1170
1799
1272
1222
1334
1070
1258
1442
1249
1321
1304
1266
1157
1257
1544
1212
1253
1482
1513
1531
1405
1335
1554
1397
1291
1245
1188
1087
1332
1367
1296
1301
1199
1215
1300
1239
1194
1239
1426
1257
1120
1936
1486
990
960
1308
1332
1505
1155
1250
1210
2693
2046
1347
1374
1391
1259
1231
1312
1320
1321
1387
1375
1350
1369
3062
1299
1249
1434
1300
2796
1532
1189
2429
1754
2008
1264
1398
1245
1233
1253
1334
1284
1269
1291
1275
1303
1368
1261
1307
1332
1296
1445
1398
1302
1411
1369
1422
2121
1342
1563
1447
1333
1498
1319
1282
1349
1279
1257
1295
1344
1279
1228
3066
1308
1221
1285
1276
1277
1325
1904
1834
2030
1522
1358
1329
1298
1413
1275
1318
1264
2017
1287
1388
2022
1394
1370
1379
1345
1337
1255
1313
1317
1329
1372
1374
1531
1388
1483
1356
1917
1304
1363
1512
2853
1012
1346
1352
1359
1313
1300
1449
1336
1332
1358
1311
1305
1829
1417
1528
1735
1328
1488
1318
1282
1334
2206
1559
1748
1492
1747
1341
1308
1354
1252
1320
1295
1359
1327
1615
1510
1521
1540
1379
1461
1356
1364
1382
1352
1250
1636
1590
2000
1386
1328
1642
1343
1346
1342
1322
1867
1289
1336
1410
1381
1375
-998564
1409
1688
1798
1281
1532
1283
1408
1839
1527
1455
1686
1363
1411
1409
1375
1343
1349
1326
2049
2938
1946
1388
1687
1423
1508
1450
1369
1395
1652
1901
1788
1288
1472
1409
1345
1399
1365
1253
2269
1556
1048
1654
1359
1383
1526
1350
1378
1388
1477
2259
1434
1774
1387
1478
1393
1411
1576
1386
1325
2220
1423
1533
1432
1344
1452
1435
1364
1375
1342
1368
1496
1384
1399
1963
1916
1637
1394
1482
1530
1264
3283
1607
1497
1422
1436
1375
1302
1416
1389
1348
1777
1386
1763
1687
2197
1591
1388
1555
2815
773
6992
3459
1476
1366
1481
1371
1460
1322
1606
1459
1427
1627
1430
2499
3929
1415
2415
1495
1427
1400
1367
1433
1438
1456
2724
1630
1606
1401
2148
1522
1502
1297
1310
1483
1574
1542
1484
1380
1431
1863
3981
1414
1496
1405
1432
1487
1456
1726
3740
1825
1426
1400
1410
1348
1628
1480
1516
1675
1589
1454
1149
1669
1517
1378
1452
1430
1453
1583
1848
1422
1523
1568
1512
1455
1467
1463
1463
1462
2780
1536
1253
1629
1638
1471
1443
1513
1437
1442
879
3233
2027
1578
1522
1570
1589
1487
1354
1442
1439
1421
1909
1565
1696
1704
1421
1563
1548
1452
1097
2378
2451
2826
2226
1839
1525
1585
1485
1433
1465
1626
1393
1527
1456
1482
3289
1613
1581
1571
1983
2205
1120
1478
1485
1552
1452
1570
1483
1467
2383
1514
1458
1479
3472
1465
1476
1476
1702
1495
1594
2648
2178
1645
1440
1606
1427
1571
1387
1424
1453
3393
1559
1497
1709
1436
1513
1472
1492
1502
2517
2395
1581
1708
1703
1397
1508
1539
1428
2917
1771
1462
1428
1762
1533
1679
1589
1653
1827
2011
2432
1562
1549
1536
1635
1543
3374
1660
1751
1489
1523
1848
1445
1553
1528
1566
1959
1546
2179
2415
2088
1571
1734
2671
2099
1498
1539
2396
2824
1720
1734
1478
1506
1401
1544
2361
1465
1627
1534
1648
2444
2151
1517
1534
3837
1902
1581
1767
1656
1700
1594
1474
1789
1695
1572
1525
2449
2353
1474
1558
1469
1554
781
1326
2456
1482
1597
1529
1556
1622
1526
6844
4007
2045
1604
1965
1371
1457
1252
7056
2366
2898
2099
1870
2442
1962
1723
1564
1528
1548
1662
1588
1466
1604
2175
