883
1076
1063
1046
1086
1971
1293
1851
1013
824
767
880
765
3449
1029
1864
1247
1059
1042
1027
1166
576
1217
987
1015
1023
1026
1212
1163
1150
1055
9460
827
2637
1060
1067
1042
1036
1001
1024
983
1231
1187
1004
2606
1057
1076
1051
1077
1100
1056
1083
1016
1060
1297
999
991
2869
972
1083
1062
1019
1055
1064
1171
1029
1071
1075
1036
1050
1046
1666
1192
1183
1123
1091
1060
1098
1106
1066
1076
1050
1057
1089
1222
1199
1107
1095
1056
1178
946
1062
1103
1009
1112
1001
1059
1112
1048
1004
1310
1073
1104
973
1079
1050
1065
1152
1095
1112
981
1093
1009
1193
1122
1043
1169
1101
1083
1051
1096
1046
998
1114
1068
1059
1136
1082
1059
1083
1241
1224
1227
1127
1109
972
1113
1094
1129
1109
3114
1081
1114
1041
1300
1285
1273
1092
1103
1069
1136
1057
1085
1135
1144
1179
1262
1141
1125
1229
1138
1130
1161
1123
1122
1382
1422
1137
1173
1088
1170
1144
1274
1286
1135
2574
1032
1228
1169
1066
1091
1212
1167
1152
1039
1159
1158
1133
1156
2632
1045
1083
1217
1046
1159
1327
1091
1160
2386
1196
1239
1170
1190
1171
1192
1155
1101
1157
1099
1163
1646
1217
1112
1103
1188
1386
1111
1201
1079
1143
1079
1179
1086
1126
1150
1019
1319
1960
1234
1156
1174
1090
1216
1386
1105
1116
1129
1127
1154
1114
3065
1164
1140
1152
1173
1226
1219
1051
1186
1221
1090
1131
1561
1315
1481
1624
1159
1139
1281
1128
1123
1287
1197
1121
1131
956
1380
1166
1167
1082
1083
1114
1343
1157
1140
1129
1211
1160
1132
1758
1354
1213
1182
1151
1214
1246
1125
1157
1207
1438
1193
1666
1265
1292
2860
1176
1261
1148
1170
1293
1209
1137
1164
1853
1368
1041
1223
1093
1167
1283
2723
1527
1159
1220
1217
1174
1151
1549
1202
1238
1407
1208
1250
1427
1138
1211
1365
1670
1384
1569
1718
1103
3262
1336
1278
1167
1289
1214
1220
1190
1537
1261
1297
-998306
1345
1277
1296
1238
1212
1322
1232
1266
1812
1261
1385
2602
1318
1196
1235
1196
1248
1104
1171
1917
1477
1178
1387
1368
1147
1368
1250
1170
1226
1197
1207
1198
1172
1242
1389
1198
1474
1270
1212
1262
1117
1178
1105
1068
1347
1215
1211
1180
1728
1260
1370
1252
1282
1428
1352
1205
1380
2978
1634
1354
1215
1275
1215
1235
1240
1248
1192
1236
1218
1225
1646
1403
1436
1290
1183
1301
1273
1193
1231
1170
1390
1084
943
1990
1253
1202
1231
1256
1222
1140
1252
1301
1520
1346
1319
1512
1283
1538
1509
1230
1327
1274
1179
1225
1204
1037
1460
1559
1264
1218
1455
1375
1937
1531
1332
1319
1280
1223
1203
1224
1280
1244
1300
1289
1216
1258
1287
1027
1949
1308
1334
1344
1313
1238
2096
1614
1356
1493
1342
1386
1330
1312
1383
1295
1243
1896
1275
1412
1510
1409
1490
1292
1309
1358
1269
1324
1321
2300
1541
1337
1361
1497
1315
1235
1372
1349
1236
1341
1342
1294
1987
1282
1332
1448
1282
1298
1391
1289
1320
1401
1305
1333
1492
1326
1428
1549
1278
1462
1233
1269
1333
1351
1882
1941
1362
1241
1361
1257
1265
1321
1215
1322
1504
1327
1218
2188
2861
1573
1394
1379
1302
1218
1627
1096
1554
1329
1282
1315
1360
1226
1258
1395
1371
1511
1453
1397
1464
1553
1791
1453
1345
1287
1342
2866
1388
1288
1418
3327
1724
1313
1457
1316
1344
1546
1353
1169
1287
1329
1305
1348
1274
1282
1485
2963
1576
1338
1341
1433
1368
1440
1814
2203
1775
1443
1582
1351
1309
1355
1346
1342
1424
1354
1331
1786
1129
1236
1680
1285
1327
1385
1361
1352
1975
1683
2065
1426
1562
1388
1317
1628
1353
1304
2010
1695
1313
1431
1420
1519
1483
1391
1377
1328
1681
1726
1578
1850
1317
1415
1402
1378
1440
1283
1363
1437
3251
1584
1402
1441
1411
1539
1386
1388
1369
1361
1293
1265
1551
1494
1433
1499
1393
1478
1558
1464
3277
1346
1567
1373
1498
1446
1330
1447
1474
1375
1502
1379
1383
1630
1489
1805
1907
1516
1483
2538
1476
1459
2312
1482
1761
1225
1454
1569
1428
1426
1390
1265
1454
1489
1377
1418
1386
1405
2874
1411
1424
1384
1371
1405
1431
1379
2510
2253
1587
1548
1699
1483
1449
1430
1413
1450
1410
1404
1815
1589
1727
1444
1384
1441
1375
3044
3526
1480
1331
1479
1318
1402
1686
1649
1484
1501
2761
1952
1563
1430
1473
9981
1761
1370
1528
1427
1645
1348
5252
2836
2787
2856
2072
2892
2181
3010
4620
2487
3807
2826
2301
1835
1690
1778
2055
1963
2530
2546
3947
1630
1725
1684
2252
1557
1440
1366
2516
2257
2641
1649
1276
1734
1527
2557
1785
1528
1459
1458
3234
1529
1604
1484
2182
1998
1722
1557
1533
1456
1416
1605
1463
1445
1454
1420
1394
2556
1724
2039
708
1856
1463
1548
1456
1402
1898
1540
1895
1450
1552
1712
1502
1402
1497
1488
1526
1579
3389
1533
1563
1583
1658
1454
1494
1462
2494
1829
1760
1528
1520
1452
1839
1688
1375
3925
1491
1699
1562
1571
1455
1724
1496
1564
1801
1791
1279
1624
1522
1541
1481
1645
1499
1522
1921
1706
2346
1523
1687
2047
1625
1364
1474
1768
1451
1444
2258
1810
1746
1633
1553
1530
3298
1827
2094
1482
1599
1573
1514
1512
1540
1819
1737
2245
2128
2428
1677
1737
1618
1553
1091
1729
2770
1600
2231
1693
1928
1490
1453
1497
1520
1577
1625
1625
1551
1507
1546
1431
1861
1574
1543
1455
1504
1478
1742
1923
2414
2205
1707
1598
1652
1517
1524
2049
1507
2898
1560
1702
1598
1590
1678
1506
2554
3364
1774
1879
1622
1688
1587
1497
1660
-996621
1966
1744
1522
1562
1705
1558
2231
4885
1858
1575
1551
1757
1516
1697
1645
1614
1784
1628
1743
1525
1674
1642
1511
1569
1921
1568
2007
1765
2803
2211
1557
1587
