167
203
169
168
162
268
138
149
131
141
129
127
130
129
130
129
147
120
104
127
130
130
128
128
128
128
125
127
128
127
129
128
128
125
127
128
126
127
130
129
128
129
130
129
125
129
128
3301
477
507
384
241
262
254
241
238
224
231
235
253
228
238
238
245
258
530
562
278
235
187
922
220
461
271
222
382
585
443
254
451
567
314
204
170
297
667
276
566
449
436
203
150
236
619
404
530
545
308
227
230
533
561
571
565
622
616
475
426
575
563
595
729
447
531
385
845
353
644
407
544
540
340
363
375
381
448
492
399
307
363
397
383
499
469
389
503
385
376
378
356
385
368
571
441
686
452
433
339
468
420
553
434
553
434
433
811
379
352
394
367
400
397
385
353
406
432
489
392
586
373
404
383
407
390
458
407
791
415
550
534
493
547
411
549
425
457
594
443
731
490
527
368
400
400
541
513
407
404
415
462
363
378
369
371
371
366
376
424
495
468
438
449
414
418
421
605
668
496
394
403
482
374
376
456
381
381
458
377
361
343
388
300
705
619
576
418
653
451
372
359
716
370
253
671
410
383
386
374
384
389
507
439
526
480
348
269
192
207
184
200
184
205
185
184
201
196
183
203
198
1508
338
340
343
346
345
343
341
1040
955
462
402
640
569
594
589
566
573
429
416
375
347
350
338
335
329
338
869
370
393
396
429
401
396
392
296
260
208
218
210
204
213
206
204
210
208
207
280
246
263
252
256
257
257
256
267
219
269
256
260
266
258
1724
611
315
321
320
320
326
702
650
686
623
645
632
648
401
404
395
389
408
397
261
265
264
267
1461
794
594
599
477
555
461
655
609
594
482
493
608
436
448
406
340
335
334
338
337
327
331
634
746
372
374
371
367
362
378
382
1149
495
488
490
492
493
476
441
446
448
435
344
304
217
230
221
221
221
227
1541
444
488
497
510
504
552
473
395
355
285
277
284
276
285
276
283
276
296
282
284
281
285
273
293
303
306
299
306
315
307
2912
1384
618
505
516
402
394
411
399
407
378
353
352
350
347
346
348
349
351
351
356
348
567
650
653
651
710
740
786
525
520
631
619
524
492
404
396
391
389
379
350
358
349
357
355
795
878
474
559
553
481
597
473
337
360
363
347
361
363
371
360
355
744
626
414
419
414
417
405
415
434
407
443
459
454
456
469
451
463
1689
676
677
734
803
451
361
365
877
478
632
653
671
646
520
428
432
431
430
1153
704
658
542
428
432
521
800
494
561
534
428
427
940
684
824
738
636
912
756
735
644
651
540
428
258
316
296
304
304
293
307
294
307
322
304
302
1687
940
436
426
445
787
802
576
442
439
440
440
790
628
707
695
523
750
806
615
482
480
480
482
475
1246
688
622
663
573
684
688
667
656
660
589
773
683
673
569
674
561
784
607
709
796
662
674
648
621
816
648
449
376
356
357
1435
601
693
579
588
626
774
591
581
587
442
458
465
451
460
969
733
535
708
603
702
600
657
498
501
898
507
512
501
502
508
514
1112
819
535
747
587
466
461
449
452
460
457
459
461
436
559
488
459
462
457
459
461
442
408
737
731
595
603
631
1351
587
777
779
609
374
1057
761
603
741
608
631
608
601
574
331
332
341
331
309
322
338
315
324
338
334
333
340
336
334
333
328
336
1110
547
633
687
697
643
906
1142
771
484
367
1809
640
471
476
478
632
571
486
467
482
475
480
489
706
835
633
337
388
351
349
347
1553
713
645
698
909
714
864
680
560
537
573
496
385
390
391
371
352
348
354
355
2899
894
897
654
509
476
892
773
662
933
916
764
768
693
766
659
730
732
767
662
395
395
391
394
400
394
391
2147
670
665
648
747
725
978
794
475
1327
734
793
613
356
359
375
655
450
504
501
1247
951
414
922
692
714
570
1200
568
580
516
510
501
518
1084
828
767
790
699
672
671
642
516
499
1192
803
674
530
501
566
1359
887
758
744
590
572
571
577
570
520
503
982
845
974
820
890
825
804
683
693
711
828
814
686
696
938
948
714
578
1250
594
557
412
409
412
409
405
368
372
372
2419
843
672
743
957
819
803
851
714
627
842
1002
811
761
782
965
798
720
1132
899
790
779
890
933
932
694
701
720
860
538
538
535
530
532
1123
1035
700
715
878
846
844
777
789
796
915
775
594
1201
1815
694
538
537
584
725
530
541
543
541
552
571
535
544
536
538
551
530
569
1096
883
865
882
858
1135
683
961
776
609
600
606
590
539
540
1323
904
850
684
574
740
563
535
547
533
541
559
521
541
548
1340
1332
803
884
1040
746
637
610
608
594
575
543
558
