312
593
629
551
549
604
563
528
498
494
503
493
555
482
504
489
513
500
495
499
1229
601
654
431
380
346
443
386
343
433
407
353
1337
1159
547
1675
1333
976
860
876
2492
562
574
527
513
740
626
624
552
612
735
583
659
618
676
559
674
497
2251
702
706
654
855
1011
814
587
624
770
561
629
567
557
598
608
1105
626
623
618
627
660
623
613
621
638
649
943
636
680
620
610
616
1897
610
671
866
674
696
628
642
656
635
676
633
655
634
646
619
715
641
636
648
665
656
647
605
686
2329
781
624
648
645
652
623
635
650
636
651
629
643
671
644
644
657
656
651
970
824
735
634
645
793
671
649
674
681
660
722
663
674
652
678
673
832
674
668
633
488
465
1570
649
671
710
679
749
691
677
672
670
644
686
683
690
686
709
731
702
692
747
687
679
720
682
709
687
682
677
1276
699
688
547
1321
669
709
708
689
689
730
674
628
1031
556
781
814
697
698
704
696
852
877
728
885
1188
835
701
730
776
794
730
716
698
730
899
710
712
713
711
731
797
656
711
713
702
800
734
701
701
738
717
838
799
927
737
735
774
716
751
731
741
966
836
722
698
960
837
740
745
734
711
777
3666
798
867
750
816
1394
767
754
737
729
730
745
733
800
639
768
1004
803
735
724
762
738
758
726
731
722
798
765
760
1919
873
750
722
759
781
752
744
743
741
740
933
749
743
761
738
767
738
762
778
805
792
922
918
1020
948
778
772
792
776
774
828
751
757
829
765
773
789
840
763
1343
824
935
689
1300
932
13509
1074
970
776
809
792
783
755
796
794
1254
796
786
815
824
800
1091
789
934
664
562
1337
819
799
784
879
782
742
782
778
813
791
838
848
504
675
793
1377
844
828
863
787
783
834
967
962
788
816
800
856
890
817
818
915
1030
1020
888
960
811
848
868
839
842
969
794
818
804
862
832
907
1250
707
1060
857
804
805
947
1327
829
674
1209
734
801
826
823
942
823
843
835
847
885
860
867
828
862
806
864
2337
890
789
852
892
840
622
1167
989
1021
870
857
842
847
1648
1013
1952
873
985
835
939
859
884
833
902
913
836
855
882
886
1045
715
846
848
956
842
778
2296
878
916
851
856
928
1155
861
895
1413
923
980
839
475
916
883
908
884
992
855
851
839
1053
924
852
948
943
977
929
900
895
868
691
1354
840
1081
950
856
914
934
886
872
1050
936
860
874
853
873
890
863
938
868
1866
931
1583
1124
967
900
913
960
900
876
888
824
438
420
1111
1579
1025
1030
913
997
1035
925
904
910
1089
884
908
906
951
1176
1224
1053
876
1161
930
1027
904
892
964
908
1066
914
2303
1042
1054
947
936
983
834
931
927
965
964
1021
897
958
1042
1164
933
1045
1191
1111
1111
1234
941
899
905
1002
978
885
696
621
647
3148
2033
923
940
910
611
758
1510
1078
926
953
959
934
1056
909
1016
1115
916
1074
975
1082
985
1155
1553
1003
916
1083
987
959
1326
969
1042
1056
932
928
989
922
940
967
2023
1244
1138
1421
992
975
1050
984
934
937
1573
1022
930
958
985
1000
946
939
981
1023
1078
1005
958
937
953
944
998548
1040
2303
1033
991
945
1100
1047
1084
965
1076
1280
1045
973
2022
939
1095
1141
972
773
1169
1184
1014
951
995
969
1003
1162
1027
1178
991
1404
1523
951
992
1028
1020
1013
1032
1037
991
1100
1246
1025
987
980
1132
3964
1142
986
1047
1135
1026
972
966
1023
985
1001
1008
1191
1056
1223
2455
983
975
1206
1091
974
965
1028
1011
1042
971
2306
1199
1021
1064
1001
968
1066
1037
1013
1021
1075
1033
985
988
1014
1062
954
912
1076
1611
993
1045
1212
1112
1157
1028
1100
1194
1141
1123
1295
1023
1108
976
1143
1019
1067
1105
1026
1071
1009
1085
1084
1994
1114
1201
1190
1305
1090
1371
1033
1046
1056
1395
975
1519
1529
1046
1039
1114
1056
1023
1045
1252
1374
1026
1047
1345
1161
1038
1084
1064
1054
1261
1086
1165
1048
1065
1104
1091
3862
2019
1190
1116
872
1040
3715
1607
1059
1158
1036
1044
871
1058
855
1698
1367
1237
2160
1766
1033
942
516
482
500
1892
1098
1061
1134
1073
1798
1352
1528
1763
1191
1211
1135
1082
1054
1125
1053
1174
1997
1063
1050
1178
1138
1016
1383
1278
1091
1105
1174
1116
1109
1307
1150
1098
1102
1808
2808
1549
1227
1135
1174
1100
1304
1139
1109
1115
1105
998
3015
1254
1296
1091
1230
1237
1222
1471
1118
1307
1663
1553
1481
1506
1302
1292
1142
1169
1192
1208
1033
2981
1106
1329
1208
1127
1251
1427
1141
1514
1186
1386
1174
1118
1240
1291
2572
1085
1553
1488
1132
1127
1186
1327
1193
1609
1329
1276
1349
1140
1251
1224
1152
1181
1577
1124
1145
1228
1189
1154
1337
1906
2718
1190
1230
1175
1144
1325
1663
1338
1164
1274
1393
1234
1654
1399
1032
1221
1231
1213
1155
1330
1874
1265
2009
1643
1232
1345
1321
1684
1499
1499
1144
1175
1310
1855
3309
1585
1136
1233
1200
1127
1262
1258
1298
2075
1142
1300
1304
202075
856
852
854
1015
843
850
