21385
33254
21059
21671
21200
21035
21357
21040
21111
21072
21639
36890
21300
21939
21042
21072
21502
21716
21181
21246
21127
21344
29733
20963
21192
21748
21078
21170
21464
21211
21908
21124
21080
21889
25353
21515
21308
36727
21848
23662
21070
20892
20935
32325
22637
24075
20973
36254
31191
21838
21689
21989
22141
21772
21163
33283
21394
21439
21450
21060
33529
24017
21936
21584
36833
21131
23143
22462
21229
21068
22330
21832
21043
21216
32092
21263
21182
21217
23053
21801
21895
37817
21644
21571
21320
23445
21327
21501
21197
22714
21365
22934
21892
21476
23626
21055
21737
21455
21487
21050
21563
21701
21636
22144
21214
33685
21454
21202
22709
22304
21403
21394
21643
44691
23842
35534
22636
29751
21117
21815
21545
21867
20976
20975
21473
21542
21733
21475
22577
21593
21624
22679
21269
22426
23056
21365
21739
37458
21241
24189
21401
20955
21269
22614
21206
21905
21520
21651
21691
21053
21015
21569
21670
21197
21042
21498
33835
21504
27591
22195
32097
21074
21815
21454
38653
21786
22024
32916
21557
21298
21445
21140
21267
21490
21618
21761
23994
21109
21712
21411
39884
35104
21789
21417
21211
21714
21363
21848
21108
29818
21519
21547
21463
21577
21362
24981
22611
21029
21115
22684
21434
22842
43340
21650
21013
22769
22282
21968
34099
21493
21943
21568
22238
38531
21661
21913
21660
32904
21141
22002
21408
20962
23453
21088
21308
21633
21683
21120
21619
22006
25431
21843
34078
31849
41069
22881
36634
22528
21547
24697
21644
21410
21540
22043
22560
38331
37116
35033
31863
23896
21383
21122
42949
22510
21500
44701
21321
21433
24080
22841
35387
32223
36782
21051
21222
21494
21576
21183
21011
21820
21624
21191
21425
21049
21017
21199
21039
21121
21060
21281
21323
28511
21118
21703
21672
21707
21361
21493
21809
21033
21160
21450
21434
21200
21293
21098
21067
21255
21096
21269
21393
21207
21537
21036
21846
21136
21747
21221
31211
21192
21373
22040
21060
21148
21396
21912
34295
23300
21214
31185
21248
21635
21950
21099
21940
21413
25192
30719
28328
21139
21724
21411
33715
21166
22926
21757
21273
21016
21414
28655
23320
35119
22084
23770
50626
22781
25105
25140
39245
21810
21567
21733
43174
33366
36066
27423
25356
34017
30437
21985
53490
21814
21162
21693
21291
27087
21773
21733
21883
21753
21849
21725
21028
21020
21751
22006
21892
21494
32903
21486
21340
21379
21842
21356
21471
21675
22064
21750
21792
21622
21643
21830
21897
21797
21905
21732
21137
21828
21829
21654
21223
21757
21142
21648
21868
21075
21551
21744
21788
40259
21037
21163
21391
21208
21969
36961
20998
21135
21062
21274
21221
21066
21266
21523
21018
21271
21958
21553
21128
21261
21011
21180
30613
21129
21152
33908
21668
21398
21994
21686
21201
21115
21831
21471
21165
21827
21568
21194
21491
21390
21480
21209
21455
21088
21334
21363
21436
21386
21212
21667
21124
21287
21746
21637
21434
21436
21811
21146
21382
21866
21523
21048
21426
21543
21043
21609
21329
21253
21546
21625
21363
21575
21274
21400
21628
23358
31970
21332
21803
21537
21642
21899
21548
21299
21113
21422
21340
43626
21383
22074
21256
37061
21843
21225
21786
21719
21736
21397
21866
21617
21572
21414
21758
21253
22163
21168
21464
21498
21632
22256
21100
21872
21794
21587
21141
21778
21859
21529
21708
21133
21188
21346
21635
21525
21123
21186
21714
24070
21368
21503
21456
21442
21484
21694
26077
21956
21832
21888
21927
21375
22043
21865
21314
22031
21454
21236
23098
21086
21846
21773
21589
21852
21831
21792
22068
21860
21182
21288
21199
21157
21080
21180
21898
21161
22114
21923
22011
31714
21020
22918
21177
22119
21541
21644
21201
21626
21931
21936
21273
21156
21268
27102
32898
22519
21958
21370
21665
21793
21293
21160
21471
21066
33831
30277
21185
21858
22511
21800
22538
21451
22204
23010
21729
21949
21280
21687
21062
21510
21990
21496
21198
21774
21107
22408
35352
21419
30508
21793
21852
21862
21438
22078
21708
21232
21999
21980
21318
22675
21688
21283
22236
21839
21253
21542
21536
21711
21550
21477
21389
21927
31304
21276
21924
21812
21609
21540
22329
21679
21429
21722
21450
21178
21507
21871
21129
21869
21363
21277
22005
21821
21820
21469
21606
21912
21783
21114
21037
22345
24026
37614
32031
22718
39498
21136
35893
21470
21568
21420
21639
21501
21087
21548
49880
21354
27139
21987
21377
21236
22044
21527
24722
22054
21984
21591
21584
21590
21980
21602
22138
21556
21892
21916
22304
21212
26562
21755
21930
22085
21323
21427
21082
21498
21313
21781
21750
21293
21887
21429
21153
21887
21733
22131
21703
22090
21585
21910
22004
21650
21724
21953
21564
21895
21382
22170
21780
21142
22129
21210
34418
21114
21708
22100
21126
21904
21762
21195
21175
21888
22111
21508
21468
21931
21933
21318
27570
21281
21875
21663
21850
21189
28337
21360
21410
21405
21389
21354
21449
21700
21695
21360
21776
21903
21222
21436
22033
21541
21508
33629
21715
21357
21104
21722
21428
21651
21471
21576
21407
21179
21533
21266
21359
21851
21109
22165
21420
21303
21196
21683
38668
21488
22646
22344
21995
21969
21593
21446
21402
21364
21596
21385
21578
41413
21659
21776
21806
21610
21691
21560
21276
21924
21687
21310
21595
21415
24676
21402
21763
21857
21766
21760
21800
21600
21436
21582
33176
21679
21965
21659
21664
21696
21650
21371
21424
21613
21672
21966
22040
21587
21503
21375
22178
31272
21468
21907
40419
22171
21964
21673
21543
22243
30449
21787
21839
22209
21682
21630
21464
21905
31652
35121
21173
21852
21781
22009
21736
21910
21510
22155
21794
21547
21897
21900
22111
21794
21851
21916
22207
22095
21997
21102
21745
36405
22218
22234
22160
21943
26782
22092
22056
22068
22013
21276
21866
21654
21870
33755
21720
22057
22219
21104
21991
21761
21218
21480
22028
21912
21463
21878
21267
21054
21835
22013
21154
22323
21972
21655
21296
21609
21564
21631
22218
21891
35062
22064
21848
34152
22463
24973
22141
21694
21721
21999
21944
21577
21827
21787
21689
21996
21784
21937
21536
21377
22244
21990
22217
22022
21564
21708
22015
21541
24061
21931
22001
21882
22005
22124
21220
21201
21833
21716
22105
21840
22047
22088
21477
21692
21947
21882
21773
21202
21146
22011
21271
22039
21577
21183
22217
33307
22071
22331
22232
21409
21141
30850
21344
21352
22100
22134
21309
23821
21951
21167
21606
21966
22188
22201
21279
22074
25316
27873
21966
21498
21432
21174
22087
21930
21339
21795
21486
21438
22174
21147
21256
21108
21942
21447
22116
21808
21372
21511
21984
21389
21507
22093
21351
21342
22133
21350
21796
21512
21200
21245
31406
21183
21419
21440
21832
21592
21956
21518
21148
40790
21312
22230
21242
21591
21554
22076
21454
21559
21370
21149
21419
22320
22197
21351
21433
36903
21918
21610
21482
21443
21325
21497
34902
21486
21674
21480
21415
21538
21542
21192
21802
21745
21741
21628
21860
21822
21386
23382
21825
21272
22089
21435
21660
21188
21592
21789
21963
21609
22334
21587
21852
21562
22351
21533
21462
21800
22077
21668
36210
21831
21626
36319
21855
21816
21950
21984
21759
21735
37214
21656
29584
21628
21823
22015
21642
21826
21698
25878
21726
22108
21660
22416
21828
21740
21480
22254
21413
21509
21431
21764
22390
22025
22048
21921
22277
21542
22226
23630
21948
32397
21983
21854
21541
21649
22202
21887
21538
21614
21502
22087
21513
21735
22170
21382
21306
21972
35902
21850
21264
22087
22158
22004
27153
21537
34016
22354
22042
21768
42171
21742
22210
22089
21833
31571
21794
22399
24102
21981
22012
22281
31213
27479
21242
35628
22263
22353
21924
21630
21440
22189
23852
22190
21275
22134
22252
21780
22050
21542
22428
21254
21976
22147
22125
37957
22118
21486
21831
22178
22327
21797
22309
21523
22247
22319
22732
21315
21405
21726
21382
21491
22268
22177
21331
21203
21889
21927
22264
21842
22088
22510
33848
22067
21188
21925
22589
21255
21456
21213
21333
21618
21409
22337
22128
21209
21309
21354
22025
21474
21567
21410
22005
22321
22306
21952
21420
22311
22044
22024
21923
33549
22309
21207
22484
21318
21354
21249
21810
21384
21543
25916
21595
21344
21718
21283
21569
21225
21602
22277
21233
22215
21465
22410
21262
21111
21477
21347
21542
21785
22025
21691
21295
21251
22034
22090
21577
21904
21459
21381
22170
21458
21278
21832
21304
21218
21286
21422
21407
21595
21977
21176
21333
21760
22104
21256
21413
22123
21390
21307
21889
22341
21702
21342
21641
21348
21158
22164
22343
21372
22318
26788
21550
21656
21931
21439
21553
21226
22273
21385
21452
21613
40141
21884
21364
21537
26712
21410
22265
21500
22375
21904
21775
21485
21314
21252
21285
26190
21847
21558
21660
21470
21871
21418
21609
21228
21283
21459
21377
21572
33401
21371
21405
21434
27557
21745
21851
21556
21785
21244
21430
26048
21717
22485
21415
21663
21604
21834
21595
21640
21768
21426
21495
21319
21699
21952
21489
21604
21623
21649
21660
21373
21896
21587
21864
21512
21868
21523
21559
21535
21937
22086
21721
21613
21309
21609
21588
39972
21873
21881
21234
22071
21393
25204
30465
22312
21521
21443
21503
21740
21609
21588
21487
22107
21499
22010
28750
21781
21946
21320
35725
21805
21372
21938
21562
21397
22514
30492
22044
21965
21982
21829
21779
21670
33430
21983
41887
22118
21926
22371
21850
21689
21930
21853
21645
21937
21901
22114
22377
22091
21955
21599
21713
22405
21488
21983
22034
41257
21364
22358
22412
22273
22343
21613
22290
22095
22035
22467
22317
22015
22050
22261
21961
21696
21452
21899
22338
21886
22192
21730
22507
21400
22299
21915
22039
22338
22175
22241
22380
22013
21359
22135
22538
22644
21471
22339
22418
30910
21460
22159
22234
22558
22144
22163
21478
21718
21858
22005
22504
22032
22012
21743
21936
22018
22015
22434
22347
22289
22464
21400
21419
24300
22538
21348
22508
21558
21270
22446
21457
21703
21820
21447
21333
22406
21991
22017
21432
22137
22208
21389
21424
21308
22151
41311
21464
21489
22557
30111
21400
22611
21389
21476
21288
22429
22527
21331
21564
22278
21599
21213
22533
21378
21593
21559
21364
22233
21464
21302
22342
21662
21883
21755
21607
21337
22428
22218
21263
22055
22141
22504
21746
21343
21482
26703
22230
21375
21384
22330
21349
22411
21324
21241
21395
21762
22237
21421
33594
21517
21674
21333
21429
21509
21615
22384
21426
21375
22329
21303
21298
21298
22407
22359
22262
22115
22449
21448
21475
22433
21378
22292
22572
28210
21293
22243
21956
21617
21478
22630
21438
21461
21740
21435
22316
22549
22281
21442
22240
21362
21620
21732
21265
22381
21519
21392
21428
21498
21613
22717
21381
22017
22280
22223
21312
21421
22198
21490
21351
21438
22429
22611
21595
39756
21542
21749
21430
21257
21531
21747
21416
21425
21729
21324
36770
21695
21511
36871
23912
21408
21792
21445
21525
22502
21684
21866
21354
21284
21432
21332
21778
21692
21349
21471
21595
21359
21347
21626
21503
21357
21485
21575
21701
21627
31401
21737
21491
22523
21403
21482
21742
21523
21344
21823
21314
22529
21297
21588
21412
21629
21559
22189
21645
21673
22429
29382
21655
21675
22366
21749
21736
22045
21390
21667
21527
21894
21834
22017
22143
30156
21693
21464
21493
21419
21724
21459
22187
21677
21614
33751
21883
21993
21789
21869
21612
21555
21819
21590
21879
21745
21708
21938
34624
21852
21856
21670
22164
21761
21711
21592
22029
21903
22010
22053
21672
21470
22066
21852
21509
22184
22209
21854
21684
21569
21651
22169
21631
37566
21949
22233
21423
21781
22139
21879
21521
21907
21569
21363
22016
21885
38359
21820
21805
24433
22096
21735
22179
21961
21879
21985
21790
22087
21957
21844
21536
21883
22058
21851
22475
22119
21923
22283
22012
21853
26423
21832
26023
21784
21654
21705
22233
22225
21994
21801
22141
22172
22183
22243
22045
22224
23186
21441
22365
21958
21887
21691
21929
22195
22284
22215
22149
22243
22410
22180
22043
22125
35110
22122
22030
22256
22153
22021
21781
22196
22203
22209
22806
21373
22327
22321
38054
22328
21322
22517
22290
22326
22187
21965
21787
22481
22263
22148
22008
22238
22276
22074
21820
22035
22098
21888
22158
37475
21455
21566
22025
22379
21642
22515
22607
22057
21888
22169
22115
22071
22147
22458
21657
27374
21454
22626
22008
22484
22722
22090
22299
22042
21514
21793
22306
21560
21621
21390
21343
22164
22147
22350
21522
21458
24143
22583
22228
21919
22221
21767
21484
22639
22340
22719
22275
21365
21406
21609
22745
21361
22793
21568
21376
22483
22612
22584
22436
21382
21586
21434
21433
24159
31867
21341
21880
21446
21484
21496
21397
21523
22233
22172
37968
21730
22283
22571
21888
21593
21471
21828
21441
22593
21575
22237
22533
21507
21545
21500
22502
21339
22433
21324
22613
21467
22210
22430
22389
21551
22530
22038
21389
21645
40256
21544
21225
21859
21446
21662
21478
21733
21573
21544
21828
21408
22090
22198
21319
21575
22477
22552
22543
22434
21345
22585
22456
21574
21472
21439
22276
21408
21590
29282
28806
21549
21465
21387
21641
22929
21597
21888
21599
21845
22212
22465
22426
21554
21617
21566
21511
22209
22546
22053
21593
21630
22035
21553
21530
21627
21694
22625
21552
21404
21664
21697
21462
22295
26536
22103
21538
21981
21453
21383
21622
28919
21978
21653
21440
21765
21739
21349
22081
21433
21445
21583
21416
21862
21523
21572
21847
21562
21372
21503
22426
22317
31426
21839
22021
21741
21494
21792
22000
21708
21816
21670
21635
21694
21835
21980
22263
21713
32913
21790
21635
21537
21589
21916
21931
21607
27995
21948
21443
21835
21753
22654
21960
21999
22406
22366
21949
22607
22797
22390
21535
41682
21999
21538
39881
21944
21537
22532
21653
22230
22609
22616
22543
38118
21811
22049
24678
22215
22356
22209
21832
22112
22188
22242
22253
21758
21758
21490
21888
22095
21339
43228
22850
22488
22149
21711
22044
21705
21639
22303
22031
22212
22013
21876
21934
21987
21991
22669
22455
22480
36843
23105
22579
57497
27824
23232
36860
21686
24310
37541
31700
26989
36867
23314
34680
22098
23170
22585
32142
22348
21913
39571
30383
22099
21868
41788
28615
22498
23140
22437
22256
21638
22032
21978
22436
21870
27590
26052
23665
22799
40524
25129
22824
22229
21649
23276
21534
22681
22804
22546
22553
22429
21995
22434
23721
37069
23148
22237
21801
22423
22085
22113
21760
22414
22378
22292
21552
22583
22675
22258
22153
22402
22407
22278
22130
22093
22323
22031
22194
21618
29470
24001
22597
22288
22158
25188
22335
22344
23230
22824
22671
22773
22410
22855
22900
22413
23234
22699
25876
22764
45808
24108
22715
22452
25242
22847
26130
22968
46762
25982
26003
28855
23256
25989
23881
24426
22999
23487
37773
35617
57254
22281
23115
23706
22851
26332
22600
34134
21689
22776
22555
22374
22005
22257
22462
22499
21502
22492
36320
21464
22721
22249
22389
22438
21858
21602
22757
25140
23449
22517
22451
22445
22715
22144
21765
22148
41281
22659
22796
21511
22314
22196
22501
22396
22547
23048
21391
34990
22286
22325
22703
22714
21584
21530
22854
22658
21789
31390
21909
22331
21705
21627
22649
22618
21506
21435
22687
22436
22775
22409
22298
21552
22612
22511
21464
22407
22883
34042
24002
22327
22646
22700
22543
22346
22732
37179
22075
21959
21951
22637
21521
22547
21634
22805
22702
21563
22439
22632
21501
22655
22840
37826
21466
21505
21608
21746
22785
22729
21828
22110
22536
22410
22705
22786
21992
22883
22420
21469
22573
22682
22699
21904
21908
22528
22652
21615
22597
21590
21676
21922
21584
21573
22701
31191
21632
21628
21659
22702
22760
22665
21695
21548
21565
22437
22985
21578
22831
21423
24753
21734
27235
21423
22066
21765
21748
21526
22382
21727
23879
21545
37025
21466
21830
21603
21966
21924
21752
25813
22753
22220
22127
23022
39174
21622
21683
28398
22609
22938
23741
22679
26306
26693
33233
41632
62181
26392
23401
24190
26083
22438
22303
22742
22196
22363
22777
27213
23440
22446
23071
22565
22524
22284
22353
22455
22122
22063
22278
21501
22149
21593
32750
23035
22096
21701
22388
21492
22334
21893
36323
28089
21957
22805
25828
22608
24590
23880
23564
23274
36834
31212
22365
22056
26606
27235
38571
22965
21648
22786
23239
21568
24316
21643
26284
39788
37797
48380
25886
23822
22778
28931
33171
35640
24021
23750
23867
25476
45855
22591
22780
22183
30653
38679
33425
23684
46691
27224
39205
22134
22095
22617
21998
26637
40872
22749
23030
22755
22219
22003
22133
21961
21813
22088
22184
21542
22523
21602
21929
22111
22395
21693
22144
22292
21508
22234
44032
22607
23355
22030
23389
22421
21922
22833
22447
21913
22558
21934
22851
22369
22040
21884
22140
22429
22478
22073
22025
22188
22378
38323
22714
22373
21827
23890
32619
23090
22655
21792
22127
22750
23576
22346
37909
29644
24485
25517
41295
25420
22990
25736
41169
32153
24003
22838
23768
24093
37649
36701
43718
46089
39657
25693
22749
29428
47959
24213
37223
33465
26783
26182
34322
23246
22649
36535
25030
40994
22352
24866
23688
22957
23866
36976
26534
23748
22707
38413
52121
25489
23647
22528
22452
21734
43758
22604
23394
24442
26264
34505
46360
45186
23095
25318
22638
40806
22301
22995
22759
22922
39663
42557
48723
28785
28316
45464
24150
21623
28706
46282
23455
27754
34981
22487
21861
23174
21663
27510
24519
38881
23515
24732
23843
27191
23545
22186
28691
26109
22176
26399
25814
22873
22514
42923
24106
23653
36026
37981
23969
42771
24375
24984
24094
23520
24843
21857
30093
24723
22635
23834
35909
23894
24689
32231
46258
26310
36099
24784
45263
22756
25271
56008
28033
26365
40017
32157
23985
24939
32851
39963
26931
22849
44884
23008
23295
21659
25003
22717
23413
21445
23174
23453
27979
29874
22882
25534
22778
22944
22997
23139
23537
23070
37697
28095
30249
29229
53760
38091
31327
24123
22103
22769
25013
36298
23115
21701
24662
24814
40063
22606
41441
39865
38738
32268
25894
48028
23075
42866
22429
24523
25658
24360
23708
31582
34311
30039
28112
23544
24512
25613
44975
24326
23541
23034
22118
22487
22782
29997
23045
22025
21635
21674
22238
22562
22236
21797
25757
22332
23050
37879
22820
22344
22168
21548
21792
22585
21648
22621
22751
30951
21996
23061
21658
22467
22563
21941
22652
22630
22351
22666
22973
22131
21735
22816
22812
21804
21857
21436
22693
21524
21798
21714
21673
22781
22944
21658
22926
21912
22997
22663
22611
22757
22657
22675
23002
21773
23012
21599
21609
22991
31224
21715
22217
22239
21785
21601
22122
21812
22620
22812
21586
21743
21741
21628
21635
22129
21946
22991
23272
21816
21553
21667
22674
22900
21609
22800
22698
21589
21786
23290
21702
21852
31558
21639
26143
22897
21628
21854
21852
21604
22012
21979
21662
21750
21833
22093
21700
22777
22925
22346
21633
22143
21898
22083
21934
39945
21848
22388
21765
21912
21560
21931
21780
21954
21919
22515
21763
21966
21599
21826
21878
22272
21826
21534
21894
21590
22022
21888
23059
21814
22356
23936
21732
21774
22243
21916
21679
30873
22162
22500
21885
22046
30940
21904
22021
36845
22494
22785
22008
21668
26327
22525
21993
31776
35864
22147
21666
22116
42632
22546
21959
22116
21678
22140
22617
21760
22162
22567
21991
22412
22010
27129
32701
22159
21980
22549
22257
22601
21889
23222
23083
22836
22029
23294
27879
21756
23583
21986
22623
22815
22392
22241
21933
22415
22404
23330
22310
22599
23522
21728
22282
21568
22568
22547
22202
21856
22114
21971
22357
22173
22160
22457
33913
22503
24833
21917
38089
22358
21685
22013
21915
23047
22594
24069
22162
22325
22849
21667
38319
22111
40609
21698
22612
22271
22403
22012
34234
22730
22269
22545
22100
27489
22635
38957
24906
29812
23368
21604
23243
22299
25046
21567
22845
23068
22439
27027
23251
22777
22977
21986
31954
27193
22899
22569
22558
22987
22970
21845
21846
22775
23424
33889
22554
21665
22087
23138
22598
22996
23666
22585
24044
22303
22894
22612
22745
21761
28678
23343
23735
21929
21722
23044
32489
24057
23644
23207
22644
22000
22333
22220
22304
23095
22427
22913
22463
22331
23448
23615
22041
22269
23019
24359
22064
21717
22607
22422
38237
21657
22581
27832
23183
22185
22004
22115
22312
22751
22721
22753
21916
22687
21712
22390
21714
23597
22786
22903
37713
22684
22294
22585
22657
23095
23034
22728
21886
22015
22203
22520
22055
24883
21957
22740
22641
22132
24146
24158
35187
22280
22898
22513
22154
23067
23105
21733
23074
23414
30919
21832
22749
21866
22413
30417
28114
26195
24188
24784
21801
22869
23793
22724
23457
24876
50815
28216
33268
43530
23690
22728
24686
22551
21918
28956
23065
23281
22347
22095
22117
21825
22628
22001
34141
25336
22562
22131
25188
23348
22376
21793
22713
37123
22396
22436
22781
21732
21830
25007
25171
23879
44784
35752
22997
22063
22240
21876
22479
23061
21993
33299
21706
22635
21887
22703
22069
23063
21782
22030
24897
24860
54949
42578
21822
36190
21803
22710
22683
21934
22685
22659
36554
25408
23018
23296
22622
22450
37107
22747
22523
22384
22844
22364
24064
22479
21848
36338
22171
22201
23072
24296
25190
21932
23909
22489
25707
23744
21955
23174
23494
21905
22108
21707
21566
22315
22022
22117
23597
21996
33597
22092
23027
21823
22374
21895
32439
21794
21783
21885
22886
21980
21894
23456
22726
22961
42367
22961
37439
37519
27851
23012
31036
22165
24491
25535
22720
22301
23154
21933
21668
21629
21815
21716
21902
21743
22760
21789
22169
24515
21749
23354
41842
21983
36651
22298
21870
24841
22412
21813
21909
23758
21818
22172
22011
22229
22176
22308
21627
21769
36455
22476
21837
21685
34174
21906
22740
22274
22291
22458
22083
29946
22365
23138
22084
22228
22431
22245
23195
25203
23816
25310
47523
26870
22688
22916
23179
38101
32976
35532
21707
22786
22150
23378
29903
26311
23632
22640
24463
24988
24938
26149
23663
23219
23668
22928
34010
25454
33530
23678
24792
22773
30093
25768
22549
23372
25055
22887
22375
23186
22453
22006
21778
36447
22384
23166
24309
27814
25260
23558
41960
22588
23367
39439
36299
21980
23342
22152
35134
22146
21826
22241
29879
43505
23131
22889
22997
25135
36853
22351
24608
23002
22847
25384
22270
22562
25292
22984
23039
31403
39885
23390
22621
23338
22240
38189
23098
36443
23158
22083
22267
22000
22650
22587
22776
25520
21779
23187
23326
22913
22062
38384
23302
22060
30898
22451
47174
28980
22612
22065
22443
22563
26852
22615
24542
26478
23725
44618
23004
23637
23802
37311
22515
38107
34926
23203
35086
23176
21880
41021
22714
26573
22788
23069
23667
21742
25382
21960
22897
22895
22416
22863
32297
33008
22711
24398
22464
22436
21939
22522
21693
21932
23322
23324
22238
23162
22798
22505
22350
25447
24232
24842
36425
26310
24644
44373
27096
23389
23753
23584
22340
23799
21785
23027
22304
22382
23155
21758
22832
22549
22346
22580
21963
22655
23835
23068
23856
24201
22268
23149
21957
40226
23571
22413
22191
23178
23210
22833
26310
25330
22846
22435
24231
22750
25919
22769
38492
25026
39546
25171
22887
34952
23526
25394
23998
27746
23438
23071
22523
22276
22913
22775
22702
23384
22521
23154
22750
22918
23130
23886
43757
21735
23434
22501
22790
22734
22217
23116
34851
23636
23656
22584
22081
23095
22587
23160
22832
22268
23073
22224
22887
22800
22896
21881
22437
23129
22641
22944
22847
23090
22684
22573
22574
22835
22313
21888
23493
22015
22272
24719
22646
24200
39863
23706
22735
22673
22210
23371
23016
23020
23129
23221
23278
22926
22942
22819
22292
38322
25025
50659
32844
23219
22345
22804
21846
21917
24269
21670
23847
22108
23715
22734
23486
23333
23021
22977
23195
22153
42374
22822
22626
22855
22733
23079
22274
23124
22983
23361
22675
22743
22885
36088
26595
23284
23445
23754
22893
23310
23148
23236
23145
22161
33854
23192
24598
22321
21770
21716
23296
31857
23109
23757
23181
24207
21810
22768
23930
23110
28007
24985
22217
26096
22119
26433
51899
29896
25895
53243
44014
23927
22525
24108
38498
30469
30245
68745
24377
52048
43063
53713
54144
69289
32129
43159
37760
37602
25148
24933
23043
24814
30676
27319
38521
23754
22827
22377
22990
23004
22173
22724
22052
23334
21757
22631
22521
22989
22022
22521
22382
21941
22684
23129
32674
35285
22351
22559
22223
22313
75047
23236
22541
23223
25022
32759
22811
23926
22558
22524
22995
22874
38494
22045
22508
22172
22992
22393
22074
21928
21956
22331
23242
22575
23043
22639
24287
22905
22771
34568
21908
21927
22117
23213
22228
22059
21969
22094
21766
22126
34851
22833
22374
22265
22443
23380
23272
22499
21769
23740
23541
21729
23533
22196
23060
21824
26992
21868
21923
22315
21916
23714
28443
21976
22408
23233
22023
36862
22318
23218
22322
25214
24471
22593
22536
21914
22255
42814
23660
22921
21791
22130
23077
22069
22316
21898
23110
22337
22947
22068
23486
22356
21722
31935
22181
30491
21740
23426
21872
22485
21774
22449
21804
22489
22870
21928
22032
22121
22242
23357
22599
21916
34147
39794
23232
26201
22209
48306
22226
22126
22270
37443
22210
22162
22060
22058
23220
21788
22121
32626
21871
22776
23095
21825
22374
21924
22120
21836
23486
22594
23457
21925
22448
33042
27263
22151
22102
22224
33899
22070
23391
22567
21907
22838
21825
21802
22910
23121
22172
22659
32573
22130
22053
33097
22311
22540
22412
22521
22003
21946
23171
22056
22314
22094
22111
21954
22356
21996
22031
32729
22559
22698
22162
22387
22905
22217
22312
22779
23676
33006
22555
22301
22531
22364
21996
22390
22260
22063
23346
22098
22155
21876
22444
22347
22425
22645
22219
37470
22354
22452
22935
22084
37648
22646
22103
22948
23093
22731
22567
22496
22285
24904
22522
22812
22120
22345
22526
22223
22711
22163
38370
23048
24464
23334
23251
22958
22438
23720
21981
22473
21899
22976
22706
22260
22564
22710
37884
23042
23100
25872
22594
22016
22717
24997
40622
23058
36527
28362
22923
28289
21972
22392
22930
22546
22402
22368
22548
22364
22503
22608
23672
22663
22619
22120
23790
23029
37322
22497
22287
23129
23491
23890
22983
23372
43092
23060
22314
23598
23659
22698
22123
23028
23171
21894
22833
22182
22030
22863
22451
22398
22452
22729
23520
22663
23194
22794
23259
22516
23429
24091
23017
22201
22988
23342
23605
23034
23062
31842
23105
23102
22598
40106
23101
22395
24708
21861
22714
23300
22786
23014
21907
22717
22439
23595
22035
22511
22969
23162
23084
23267
23426
22665
21917
23224
23333
23024
23000
32246
22683
23122
22783
23404
22335
22378
22015
23107
22551
23235
22470
23657
23815
23270
23173
23007
22231
22100
23565
23068
23443
22640
23845
23752
23307
22368
22812
23237
23782
22999
22951
23286
24210
23703
24964
23372
22031
23530
22788
22197
22574
22588
23093
23139
22824
23027
23342
24048
23334
23429
26670
23616
23044
22943
23488
22479
22409
21977
22988
22715
23106
23347
22972
22749
23916
21920
23057
23049
23139
23292
23283
22071
39040
24116
22169
23345
23274
42825
23515
23063
23638
22671
38358
22874
23173
25481
22152
23155
23090
22472
22594
22799
23198
23050
23506
22441
23304
21952
40742
22226
22160
22605
22738
23483
23452
23759
23594
23967
22472
23431
23154
22983
23284
22061
23670
21866
23965
22076
23005
22860
22815
22728
22219
23608
23508
22101
23006
33159
23114
23473
22375
22140
23671
23124
23072
23334
22033
24208
22465
21930
22383
22350
23260
22265
23792
40004
22715
23365
23229
23380
23430
22025
32317
22082
22223
23389
22102
22428
39520
32214
22553
22130
22233
30734
32614
23118
22380
23472
23484
23656
23352
22777
22323
23288
24178
23383
22590
24273
23624
22810
21905
23473
23274
22726
22033
23548
22357
23709
36309
22231
23274
23454
21945
22726
22091
34818
22116
23297
23478
39300
22481
23120
22225
23260
21973
23218
22630
22801
22008
22493
22419
22081
33451
34720
22117
23536
23418
23308
22397
23439
22907
23697
22195
23535
23581
34401
30902
22103
22240
22431
28775
22473
37626
22904
38614
22161
22058
22393
22697
22624
22024
22235
22558
22701
40370
22114
23539
22690
22178
41874
22926
21931
22428
32177
22234
22688
23993
23334
23160
23528
22021
21990
22262
32626
23268
28933
23115
22066
24446
22277
22451
21935
23982
23314
22138
42211
22350
22788
22253
22633
22257
22081
23852
22896
22764
21874
24251
22297
27891
22437
23755
34350
23100
22408
21871
23574
22245
22975
22418
22390
22754
22635
22084
22322
24026
22171
24257
23254
22711
22433
37496
28499
22577
22863
22428
22768
23132
22423
22447
22927
22254
22993
22324
22381
35765
22133
23634
22689
23626
21947
23693
22682
22815
22622
22088
22705
22232
23327
22497
22428
22564
22219
22270
31537
22390
23581
22918
22041
24117
22862
23493
23364
22562
22097
22405
22982
22290
22227
22018
22823
22581
22167
22495
22134
22636
23030
22570
24080
23166
22834
37963
22995
22264
22393
22617
24089
22565
22917
22528
33004
36674
23817
23759
22234
23200
23225
23793
25133
23150
27981
23166
22178
27378
23817
23508
28188
22960
23826
23432
22133
22286
23783
22787
22445
23015
41452
22921
23068
21970
22181
22794
22130
22629
23032
23229
22286
23572
22293
23068
22641
22723
43490
35444
22737
22589
23199
22406
23014
22915
33293
22613
23371
23326
23756
37813
37306
22907
32014
23559
23238
23037
23215
22415
32226
23179
22605
22480
22589
22224
23445
22966
22501
22399
22486
37431
23017
23908
23096
22986
22429
23387
22733
22480
22109
22046
37100
23413
22392
23958
22983
22719
22623
22350
22118
23330
31213
22166
23266
22277
22630
22092
22348
22835
33804
22210
22692
22787
22984
23926
24388
22190
23104
31142
22655
22504
22915
22446
23378
26403
22646
22246
22638
24027
23195
23286
22870
22737
22197
22202
23236
22346
22431
23706
23703
23033
23330
23327
23083
22205
23753
24500
23365
21998
22522
23041
33658
22895
22650
22818
22404
22152
23434
22763
23251
36016
23678
22414
22997
22730
23164
23112
23644
23827
23248
22054
22593
22258
22797
23481
23814
23303
23276
23018
23132
23036
21936
22716
22732
23162
22625
23228
23395
21934
23520
40942
23689
23567
23207
23326
23955
23285
24000
23751
23758
23740
23836
22893
23704
23291
22888
33514
35361
25233
23469
23328
24283
23038
22225
43148
23052
22846
22601
23500
39264
23750
38001
23459
33930
22081
25507
23482
24544
24743
23756
22957
22900
22670
24809
23399
26512
24083
24432
23491
23125
22489
22142
23923
23363
23408
22084
23285
23084
23411
23862
23135
22214
23074
23378
27134
23776
22887
23813
23725
23244
23001
23257
22944
22564
22131
32977
22763
23240
22371
22356
24631
23564
35194
23789
23101
23335
22627
22802
22119
22473
23316
24187
24211
23728
23752
22740
23830
22108
22122
22686
24175
22610
23475
22656
22191
23302
22212
39960
22282
24440
23560
22339
23877
23144
23149
22307
23454
23311
23675
23471
23324
22879
30546
23405
22118
34316
23022
23769
34571
23824
36688
22944
22154
23013
24711
23762
22448
24458
22353
23962
24227
32160
24060
23786
22301
22865
24804
22249
22247
22072
23455
38668
24352
34470
23986
27795
36095
22684
22050
23669
23653
23825
23616
22056
23724
22371
24287
29332
22318
24092
23831
22077
23449
23277
22156
25316
22260
22226
23391
22380
22499
22669
22984
22621
33948
23318
23952
22096
23841
38545
23631
22441
22279
23805
23570
23411
22462
23483
22119
23654
22403
22127
23476
25492
22390
24751
24352
23867
23641
23765
23571
24072
35969
37871
22704
23324
23520
22835
23908
24010
22358
23431
23241
25151
22295
23105
23625
24202
23173
24617
24328
43843
23420
23939
22380
23982
23153
23618
22996
23567
24483
22603
26140
25343
23622
23332
23606
23694
23611
23799
23786
23919
22879
22623
23642
22925
23808
23387
23508
23910
23445
22663
26090
23093
22668
22714
22586
23755
33932
22161
22154
22530
22849
22557
22590
23608
23000
22664
22751
23349
22885
33352
23202
22054
22257
22886
23813
23637
38542
23608
22708
22865
22931
27792
22430
22467
30534
23028
23528
23284
34940
23923
23283
23244
24596
23248
23904
23491
25349
30926
23242
22636
23178
22409
33495
24627
22517
23184
22885
23013
22277
23110
22827
22404
23648
26313
22523
23490
23758
23224
23168
23023
22484
22333
22157
39839
22926
23001
23497
22584
22454
22939
24013
24612
23547
24392
23058
22670
23964
23826
22384
23793
37100
22638
22132
23104
23344
24391
22446
22731
23022
22718
22398
43119
23291
23261
22331
25483
24014
23471
22766
22293
24734
23730
32824
25453
22860
24312
26253
22862
24303
22568
23416
24964
22821
23809
29261
22233
22512
23996
23671
23031
24748
24402
42451
23326
24509
24216
25670
23365
23841
23182
25659
22568
22934
40556
24816
22795
23439
23513
22647
22473
22795
22965
23982
33620
22787
22683
22400
23263
23693
23746
34668
23583
22353
33198
23329
23084
23027
23382
40350
27578
23708
22380
34052
23361
25122
23625
23749
25005
24083
34687
22627
23612
22804
22300
23202
24062
23958
24106
23598
23065
22488
23800
23673
22345
23274
25126
22629
35796
23932
22572
22877
37945
23068
23150
23592
24364
24825
23372
38708
23630
23957
24082
36742
22363
23818
33490
23869
36308
22249
23389
22771
22424
24726
22213
24438
27232
41415
23814
24039
23469
22515
23506
23382
24120
23318
22937
22697
23816
39978
23168
22807
22822
22966
22957
22835
35700
30388
25107
35803
24538
23225
23326
23054
24351
23854
23038
23692
22326
40538
23382
27116
32022
24603
29044
35605
24060
22346
36439
23716
22324
23226
22870
35764
23242
23236
22935
23941
24010
23560
23292
22234
35107
24189
24036
22963
22898
23982
23228
22335
23521
22942
22928
23739
23906
22453
23797
23210
23652
23164
23923
23392
22323
22759
22465
23450
23620
24671
22199
22955
23772
22443
24032
23793
23026
23765
23557
22897
23337
23398
24411
22600
23382
23001
23825
22269
22746
22649
24693
24511
22159
23495
22565
22427
23936
23320
33351
39000
23901
23882
23555
23039
23080
23402
23535
35415
24078
23883
23311
42405
23098
28313
25001
22545
24477
39936
25287
22593
40136
23964
23432
23617
24495
24036
24097
24582
23624
36480
23642
22604
22543
23684
22812
23808
25342
23988
24129
23355
22625
23900
24104
22274
23512
24726
23666
23848
23142
23755
23460
23901
23391
33806
23257
23899
22658
25258
24911
22725
22737
23021
23063
23814
24496
25794
24904
37421
22551
24432
22323
24307
23529
23794
39104
22427
23177
23024
22343
23683
24268
24395
23829
23445
42299
22234
23262
23819
24196
23164
24047
24425
23613
23262
22945
22576
23639
23740
23292
23407
22819
22662
24202
24504
24304
35213
22597
23528
24349
22571
24026
35247
38079
29715
31627
23505
34045
36375
22435
22441
22494
24975
40151
25788
22897
24692
24210
24504
38266
22471
24297
23982
22903
22452
22027
24229
22773
23899
22477
24143
23930
23987
24931
36370
23157
36628
22262
23644
22197
23765
23836
24522
24063
22703
27263
37818
22539
23733
23967
24063
33398
36210
22829
23913
41149
22461
23892
23980
24024
24487
26677
22547
22460
23046
31908
22771
22419
24214
24810
37962
22733
23174
22274
22747
23954
23207
22382
35207
22768
22391
23561
22491
23984
22441
23185
23711
23975
23435
23840
22583
22559
27973
22507
24333
23302
24992
24688
24059
23468
24392
24106
32196
24116
25067
24259
22678
22642
24230
22379
22469
24261
22200
24214
22614
22529
22807
22582
23308
22790
22565
23867
22717
23948
26880
28552
23819
23881
31765
24110
23166
23021
23218
23900
24354
22599
24206
22928
22842
37669
25044
23006
22483
22776
22368
23414
22838
24919
22211
22759
22488
23745
23434
34120
22955
23462
23709
23836
22980
44596
23136
23653
22363
22575
22500
39082
22650
24366
22870
40613
22688
25701
35133
22796
24198
22930
24279
22469
23377
25261
22252
22733
23882
23827
24733
22510
22220
35765
23285
33248
22750
22509
22655
22521
22859
22951
23836
22673
22298
22808
22599
24334
23247
22932
22492
36088
24490
22351
23099
24136
22719
22422
22953
22730
27512
23372
23219
23327
24299
22845
24044
24125
47881
23485
24981
22758
23708
24925
23489
24682
39967
23691
22803
22598
34905
36526
23046
23553
22820
37491
36095
23765
22964
23591
24312
22965
22700
22448
22762
23440
22895
23122
24353
23328
23933
23883
24389
38373
40846
22339
26365
22561
39035
23229
23371
23032
22675
23227
24227
24752
27389
38579
25334
26076
26355
23779
23327
24644
22860
22629
22448
23002
24574
44845
24278
23344
23753
24194
23226
25357
23332
27484
23808
22723
22994
37655
22611
23388
26134
24217
23066
62836
22607
24122
24299
25196
23001
23345
33315
27349
24794
35149
24906
23498
23605
23626
24035
22336
22337
24715
22544
22572
22649
22666
28283
32682
23176
25638
22439
24754
23243
22853
23264
23799
22473
25916
22796
24880
23197
24471
22962
23562
23456
23683
24459
22997
22762
31555
22523
22961
23530
24585
39916
24001
25938
23822
22463
24033
23084
23970
24045
25302
25075
23227
36139
23359
22497
23067
22508
23159
23553
23538
25281
23943
24287
22931
23806
23761
22562
24757
24928
23686
23042
23368
22642
23706
23807
26058
22712
24590
22742
23307
22880
23113
22768
25257
23434
22913
22780
43980
25243
31597
23096
22955
25686
24665
23457
23162
22496
23755
22905
24385
24507
38626
23965
23512
23478
24428
24045
23020
24031
23370
22441
24613
23262
24335
23493
23878
37699
24037
23493
22564
24462
24092
23778
27824
23937
23089
33049
28271
24375
25367
24603
24366
24665
25364
24688
23899
25342
24348
22572
23525
39507
25811
22318
24108
23027
23087
24844
24171
22943
24336
23895
23981
23613
25555
24476
24848
22657
23623
22892
25166
22426
22658
22566
36604
24872
23611
22864
36376
26146
24204
24443
34412
26144
22957
23410
24828
22561
24653
25113
25073
23990
23043
22905
24411
22657
23864
24889
23997
23320
22883
24087
22706
36517
23976
23818
24250
26645
24488
33306
24216
24089
24160
23904
22606
31406
25351
24407
24858
22788
24100
35659
24665
40512
22443
25186
23176
34886
24619
23953
35383
24244
24030
23908
22994
24465
23112
23560
24889
37249
23171
24289
23912
23284
23505
24304
23343
24315
26242
35267
36385
24311
23697
22854
23578
25686
36601
36134
24723
25248
23707
36276
22629
22905
25294
47313
23759
24080
22762
33763
23395
22725
24391
23716
25095
23626
24086
23347
40335
23470
23320
24129
24368
23596
32277
23891
23625
42316
24984
25027
24058
24417
24462
23926
24834
23138
24462
32713
35599
23807
25527
25517
24248
24749
23054
23570
23852
24178
22726
22742
25004
36096
24099
24651
23063
23197
23396
25162
24705
34444
24318
22683
22512
26371
26646
27651
25959
38017
29410
24691
22810
24609
24769
25712
23714
23209
24162
24280
23759
23472
24625
25107
23199
24570
23708
23380
24142
25544
23866
24094
26770
26256
24279
36648
24205
24047
23746
23803
22547
24356
38527
23987
25503
22875
23855
22622
23595
24504
23307
34303
24065
23982
23604
22932
33074
23318
24598
24345
24613
22937
25212
22535
30333
36000
22557
22817
22827
22442
43171
22627
25498
23667
25865
25452
25425
23715
24373
23432
24517
25955
23571
24304
25735
25197
23111
22642
22488
32936
22759
23817
25799
22985
25728
24887
27820
24148
26532
22527
22484
22979
26023
26528
24548
23064
24464
22940
27373
23311
33643
22687
25377
28028
22835
24528
24858
30524
23223
25452
27114
23538
23821
23371
23158
23502
23360
39493
24785
23697
23108
22748
23803
24594
35516
24261
24311
43967
40197
24654
34589
27082
27273
26623
24390
23266
25570
23118
22814
23955
22631
25527
23070
24665
23519
26896
24706
25837
24431
23795
23905
23900
24144
23530
23371
22564
23786
29096
22562
24146
23584
22637
22930
24016
22988
22824
24483
22590
24349
34501
24251
23938
24135
23473
24824
24586
24079
23501
23816
23006
22897
24740
24238
24140
42191
29502
24806
23543
23161
25110
23413
24563
22785
24120
31777
24885
22968
34803
24350
23098
22697
23182
40849
33820
23881
23860
23499
31635
24715
35809
23454
23391
22682
26516
24462
24617
22787
23744
23943
24528
22832
24733
22823
22718
24586
30504
23407
24513
22839
26607
23496
23221
24239
25281
22998
24688
26608
23559
23845
25318
33599
23547
23194
35672
23819
24083
24077
22664
23835
26437
27903
23684
24785
28653
30847
24181
26743
23995
23472
33053
41629
27218
25433
23702
23457
23119
23545
24565
25634
24399
24391
23856
22754
22834
24505
22890
38584
39182
24054
37928
24399
22766
23217
23653
22521
23470
41387
23653
23793
23241
23094
22950
24746
23407
29350
23761
24239
26512
23897
24473
23947
22866
22746
43926
23420
23239
35591
23920
24791
24123
23466
24443
24886
23238
23338
36635
23247
26442
22890
22984
24481
26836
22618
24013
24590
24294
25243
36158
24460
27927
24900
24665
23509
22747
24333
24792
23069
25621
23188
24533
24225
23908
24799
24373
36118
24904
24091
44153
36997
38638
24505
24628
27709
24844
22757
25282
23403
24181
23098
24730
24554
27708
25584
22643
23099
26004
23621
26144
22463
24702
35690
22682
24554
24485
24099
23304
29053
22884
23887
26183
22660
23977
23025
23033
26129
23925
24261
24401
28449
22896
23538
24565
23059
39548
23762
23301
23897
24604
24283
24403
25713
33882
25480
24298
24195
25187
23318
23091
26281
23131
25802
23746
26446
37281
22986
23787
26398
22436
22719
24061
42001
23246
32244
24752
23204
25173
23784
25274
23340
23852
39491
22873
23645
23615
24252
26187
24589
23593
27127
28323
25799
23930
23164
25096
24332
23571
23062
23179
25427
24810
23046
24316
23877
24541
37247
22890
31454
41035
24098
39032
24212
41056
38478
23951
23931
28176
22864
23033
24493
23538
22534
38683
22656
22814
22925
24233
23827
35103
25817
26110
25994
23587
25785
23100
23359
23113
26409
24746
25209
23711
24964
24024
23863
23059
24268
41852
26613
25097
22860
25893
24313
24526
22689
24898
23512
26099
23039
25030
40385
24264
26932
22761
25056
23672
23922
23390
24923
24406
23659
22954
24965
24661
25472
26974
23126
22872
23023
36048
22952
23052
24711
24999
40973
22509
25915
24953
23814
24874
23578
23952
24351
26672
24528
23979
28195
23104
22770
26546
23707
37024
24134
25138
24059
25160
23609
25260
24702
23798
25626
26029
22747
44109
23013
24903
24305
25660
25003
27024
25003
22960
23310
26024
24662
24918
24766
27314
31589
24093
27747
25950
28163
24784
42317
25857
42998
34532
23921
23438
24358
39159
33877
35850
24145
24460
23406
24845
29348
24014
24631
29358
37948
26270
23806
24009
22932
23184
23866
22829
23147
22996
25457
24207
25636
23019
27028
24908
22858
32170
24441
23042
26067
26573
35704
25088
24292
23127
24583
27196
24488
24389
23846
39728
30325
26700
26723
22609
23550
24839
27752
26838
26511
23756
24223
24496
25098
25255
24735
26223
24396
71738
59973
29845
26186
24039
23458
24157
31074
30018
27910
24176
28637
27516
34499
27776
24063
25017
24456
24769
24166
26222
22706
24029
24570
24018
22704
26147
25142
23591
24932
26264
25099
24133
23375
23442
24792
30554
23209
23170
23942
25176
24636
25743
24916
24947
24707
25021
22888
25259
24434
23523
25329
23509
31689
27027
28903
25673
38890
24693
27861
36983
27407
23895
24442
26884
25197
26792
31075
29684
26275
22943
24205
26838
38683
25488
23353
34870
30643
25385
29627
42632
45062
28987
51066
26130
25650
26877
29743
24371
27382
28056
26752
36970
26351
25727
31404
33508
24994
25743
27377
24985
32420
24925
31104
25099
28002
23174
28048
27128
25158
29642
25862
26935
25354
24579
24243
38231
25040
24740
24229
23093
25630
22883
23623
23800
23634
23538
30503
26206
24664
28597
24121
24609
28790
22882
22884
25315
25105
24081
23597
23626
23656
26124
42166
29307
24648
24367
23427
26579
25789
25256
57036
29622
32827
23708
34131
30280
40190
59249
51143
42481
55432
56990
50225
48619
57359
24699
39707
27924
27766
50768
24741
27782
39011
24214
24016
24384
28288
24464
25459
27140
24123
24448
23600
39616
27537
28141
24161
30961
41678
60936
34367
30431
27390
49905
49590
76427
55060
24489
48453
25039
28215
24358
27758
43019
30152
22993
24472
25170
32279
25802
23905
26376
51882
24030
31126
25566
24973
30302
35548
33433
39160
29227
25590
42256
50595
48249
44740
28675
40143
45973
33178
24457
35598
28505
26411
25918
27970
60814
27142
24150
50910
25570
25748
24513
29144
28732
28320
41470
33164
27049
23962
23182
23543
27624
25091
50317
25454
24889
30013
57056
25090
23795
24137
29739
55382
29748
41100
31249
35931
38692
67484
32732
50769
61273
28372
30091
31691
49535
31323
31818
46473
26381
24447
42264
53400
79340
26067
31251
56611
46505
49872
37244
49094
33673
40136
28915
26688
26564
23442
24353
26444
43291
26664
43169
35065
40320
23300
41848
26172
27568
29810
26382
27289
40997
24456
28617
24304
47752
31780
27581
42597
23893
29799
23846
23731
28010
24323
24219
24075
23356
23350
41903
24529
24784
23908
29559
28543
25649
26933
36519
33535
29166
26054
29974
35683
42421
33134
54148
47512
64207
25145
27604
26625
29627
30895
40182
58847
31489
33455
25733
23987
28005
25273
30792
26451
26114
26774
26697
27735
25074
24589
23224
37371
27417
27187
25931
40199
27980
24028
24892
23340
24077
30525
23860
23734
23685
24662
41760
24942
24013
25288
25785
40030
23631
24404
23291
24243
25083
43257
26549
41912
26380
22920
23481
25592
24576
23483
27440
23496
24669
23339
25127
27911
32711
23650
25451
25458
25169
27401
26157
26547
24104
24637
34130
24711
23708
31684
29491
38169
41133
23828
38701
26988
25359
44186
23826
24711
40046
66369
56907
22949
67588
43295
45031
31690
25291
24374
25180
25757
26898
36682
43015
44152
34048
32303
55734
40367
30576
30853
32306
24925
23650
28843
39763
42675
33603
31437
47800
80916
32547
40691
64050
45646
37532
80744
34253
24267
47592
45871
46085
27624
50101
74562
24861
44411
52171
34356
31233
54084
38173
41033
52963
70142
53407
40265
43266
47437
31518
29321
50017
62358
44622
42059
28268
23765
24868
24231
25280
26419
23291
23701
23266
23662
26303
23381
25811
23541
26412
24934
25375
25465
27121
24527
23202
26185
24433
24795
24005
24356
24383
25028
24760
24235
23229
24609
26185
23983
24259
25294
24954
24116
23954
23159
25263
23345
23360
25745
23359
33743
24308
25076
23166
26853
25168
24369
42747
26948
28832
23039
24712
23008
24165
24678
32375
39022
24637
27660
24922
25114
36160
23207
24199
44502
25374
25186
25535
23898
25968
25059
25668
25614
24087
33232
25052
43692
24112
25478
23529
24655
25712
42257
24873
25523
25266
29644
23728
24968
24948
25768
25298
24052
24308
24387
25174
25036
26382
24866
23059
25497
23583
27529
40053
40855
57791
25154
32187
38811
37188
45288
40029
30257
28870
46542
32803
48901
26855
25685
25540
23246
25853
27780
35802
38619
49862
24731
27602
41010
23755
24763
39049
31558
26392
47693
24480
23122
38055
35913
26366
24529
26084
26936
24127
23717
27561
26053
24407
23976
24394
24295
25193
23948
23699
26315
24552
27339
27161
24355
25061
29225
31068
33072
25263
25302
25995
26967
37946
26881
28065
25393
42577
29542
34025
30595
32844
48669
37740
27305
40681
25284
31965
23120
24956
42524
24803
27854
28796
27166
30718
27745
25735
25843
25541
23647
23883
22946
23589
24841
25462
25787
23625
23894
25595
37840
24691
24635
24791
24559
24840
28451
22990
25127
24760
23362
25213
34050
28414
36739
24235
23394
25564
23146
25084
26898
24107
23298
24172
36646
26408
23905
27279
25630
23508
23138
34631
23521
24902
43020
25201
24609
25562
23286
25628
23064
23708
27241
23471
24332
24705
28716
23292
23615
25557
24044
24780
23853
25054
25353
25057
24786
25765
24201
23920
25406
23633
25307
35696
23788
23346
26692
24960
30012
24465
25960
32445
28550
49691
47772
31595
25013
24242
23917
36950
23515
35798
22771
25201
23698
24798
38693
24634
23422
25083
25637
26791
24053
27412
27985
28567
26090
26488
27343
24026
39617
26098
41899
23483
23972
23326
23378
25074
25128
26890
24566
25761
23475
27006
30361
39032
41017
32771
48429
65781
30736
57382
35989
29421
25926
48775
25767
34891
23977
35239
27178
23155
25553
43473
33913
25849
25088
25350
24986
34527
56269
35761
47153
29578
28078
35093
26790
26797
43188
29621
24880
25128
23982
24044
25490
25046
23525
25090
25473
24223
24095
33284
24406
23488
37604
27613
30472
25500
27768
25824
39245
41020
39509
38866
28327
36445
34345
25195
28763
23121
24131
34715
23313
25792
23613
24303
26139
24900
25839
29107
24949
24465
35830
26842
23385
27280
25540
25477
25573
25448
38114
25959
24459
24600
25552
43242
27215
39444
40184
24038
24836
26305
25484
25327
26344
24282
23499
25761
31582
23959
24237
23769
25454
25402
24332
25485
23075
24189
23593
23228
24401
27367
25156
25673
25134
25901
26341
25263
26211
24877
23546
27744
24784
23334
39155
24037
39460
26548
26150
23983
26584
24360
27097
24421
27756
41064
40049
23889
24343
37663
51646
32048
24347
50227
27420
27926
32916
24987
25598
26767
25240
24864
24002
26448
24528
23791
23785
25882
24007
25097
27755
26067
28438
25218
23824
31474
24680
25366
27471
30854
40474
24901
25627
23265
25947
25614
34428
26386
23360
24085
26501
26983
39411
24612
25129
24091
24291
24552
25204
23967
31268
24761
25037
23841
31783
30735
32329
31059
29358
24289
27221
26573
46764
43540
44388
27139
27588
23635
26486
23361
28091
43136
28696
25319
25173
27492
34006
25362
34795
40831
29892
43723
43085
29219
44542
26419
28619
24532
32227
25128
54617
71858
38878
40833
43467
35238
28689
24406
25550
25873
23883
24364
28456
28726
23462
26897
30203
48259
26962
43853
27271
26914
41354
25276
24776
46081
30334
26934
25384
24966
25146
27025
28320
25443
25608
25564
27894
29712
25189
25521
27807
42652
25417
23335
31787
27157
24046
25570
32232
27005
26358
27567
24299
28863
24102
25217
25371
25483
24582
24172
23568
24667
26897
25087
25087
26120
23256
34806
23675
28517
24950
43122
25252
29671
53257
49486
48740
28892
23203
27095
24184
29612
27394
27325
25243
24721
25882
23568
25077
24570
23594
25434
38627
27538
24083
24121
28259
26225
24872
38158
25110
24837
24033
26111
23205
31637
25857
28153
26588
24585
32844
25611
24792
25597
30863
26044
27983
25498
47155
37707
43679
29057
26455
24691
23246
29665
42018
38118
30797
25448
30739
29033
26198
42743
24886
26018
26036
27288
25057
26976
43061
33976
39034
23907
27600
25861
27274
25956
26385
29194
24803
23768
25859
26224
25047
29038
26058
27161
24476
25140
25495
24926
26435
36729
25511
25290
32305
23371
23863
23460
23428
25714
27184
24461
35332
25778
29081
26048
23387
23632
25817
31613
26006
25637
25720
23801
24919
26901
27837
26391
25609
26580
24554
29941
25828
26839
25540
26014
26843
23316
25173
23430
26121
23534
26061
26060
23599
36574
65340
40946
26860
28085
25767
26780
33784
23890
27285
25443
24598
27094
31024
23673
25620
24981
25515
42690
25440
25319
24378
40020
24444
25575
25819
34463
28969
24782
25589
25503
27709
25716
24173
25219
24292
26212
33545
27770
30690
26007
62118
27204
23076
23538
26238
23126
25810
26283
28321
26667
24362
25520
27837
29511
40837
28011
24040
25483
25654
42230
32421
25560
28564
29599
24858
23860
23905
25267
26592
25688
31176
23569
25686
25187
24538
26196
25767
27321
25714
26277
25942
25429
25017
45554
40541
23539
23198
27754
28042
30869
24932
25794
25581
25432
25721
24954
25499
30550
23747
29273
25915
28203
31424
32439
27076
27494
24436
25535
30088
27647
23849
25447
26195
45704
23809
27599
27021
26060
24732
27981
25836
28733
24592
25987
25635
38231
26966
25166
36943
23423
25676
23984
23860
25447
30727
25940
25378
26069
25782
46629
26628
25848
25131
29605
25209
23720
25976
25411
25607
43042
23880
26139
27779
25053
24925
31119
23704
26077
24432
23946
25843
23979
27882
32814
23691
25363
27579
39574
25714
24735
28152
25386
45429
25209
25401
28834
25224
25310
25528
28096
26350
23407
25098
27165
26283
36155
24480
27467
25741
26492
25972
23437
27642
28331
23442
26078
28465
23463
27532
25841
25879
26799
23380
26209
25692
25426
24226
25976
24906
42674
25252
24491
28581
24004
23366
24871
24163
24973
27489
24364
25283
26098
24610
25018
23489
24853
24821
25061
35978
25043
27444
42369
23701
36502
32805
24974
26287
26050
24701
42023
23671
37295
32995
24923
26635
36604
26212
25384
42293
41560
25308
23785
31883
26484
24020
42600
25452
26345
23843
25662
24670
42880
26039
24666
39433
23864
23524
23491
23876
25946
27051
30882
29549
25742
24080
29642
25047
24040
26347
25249
23407
26075
27485
43669
24860
24701
25844
25691
38693
36040
27516
26739
32269
25251
27535
24984
26452
24121
27666
26259
25469
23781
27315
40873
26742
25545
23898
23613
24154
25624
24300
45800
26721
24266
23986
26169
24109
26042
27943
36194
38913
25951
30333
23720
23740
25214
36887
24579
41027
28465
32616
28871
26328
25470
24658
24879
28047
23682
23403
28720
24852
25497
41633
26857
28786
26588
25810
24164
24081
26474
29887
23431
25511
24157
25405
23819
23490
27121
24148
27722
24814
24028
27194
43647
25797
33228
25267
26059
23957
37864
27387
26605
26715
24968
34431
27456
23809
25641
25134
33594
24508
25031
24952
33457
35815
26950
25356
27732
26050
27067
24368
25679
26899
46291
24557
25967
28288
24970
25787
26628
26409
25297
36178
26096
26110
36254
23962
27044
36284
27736
25729
26645
23681
24077
25111
25693
26442
23372
32243
24561
28819
24156
26627
23957
25610
24522
25987
26459
37197
26903
29217
25342
26883
23837
23397
23772
27494
24031
23894
25705
45780
36655
27175
26235
25961
25855
24108
26038
36942
31633
24473
24146
26789
29769
25636
38309
36136
25495
26193
24338
39159
24067
28134
24782
24430
30926
25083
25519
27935
29007
24627
24548
24363
24470
24549
25463
38314
26213
25332
25708
23483
24011
23826
23879
24437
33021
24402
27611
23728
24054
26605
24527
28081
24857
38575
32992
25355
24218
26175
24809
25291
24867
43454
27072
27001
25491
23947
24519
40182
39859
26426
26298
24252
28772
24371
33621
34815
29364
27917
32665
25551
25342
23941
40275
27272
24131
25380
23848
28437
23934
27077
25858
25196
27324
25871
33571
36974
23735
24515
24451
23724
24280
26387
25337
24700
23604
31239
26905
36844
27394
25269
25766
25084
26040
24935
26575
27084
24695
25946
24630
42718
24713
25750
25943
24577
23994
24147
28125
26490
40462
26267
24614
39081
25659
26595
23902
25383
24305
27684
31584
25896
26797
27371
25069
26246
27108
26507
23589
25719
43743
25292
26951
37122
27308
34194
38634
26415
24016
35475
24293
26406
25083
24820
30391
24894
26828
28454
24211
27186
27729
28052
29038
24439
27577
24058
25631
24563
25479
26974
25743
24811
24742
25956
27554
25474
29140
28620
25309
24906
24836
25407
28318
26291
25731
25324
29341
27201
40473
28235
26002
23601
25053
24346
28403
37267
25869
26432
25470
25159
26954
25697
23758
23983
24630
25332
25343
24378
26208
26622
24773
47665
41074
26967
25722
24012
25524
40342
24342
25219
25036
25596
25649
40108
26326
25076
27588
26594
35282
24260
26294
25861
34882
27300
26238
25017
25355
25533
24740
26422
25044
23724
30577
24676
26978
26600
26010
27635
25542
24032
29412
26389
27185
27785
26383
32645
27323
25763
25919
28988
33474
24179
26671
24848
24386
26510
26159
24979
23806
26495
25149
26380
28387
37416
25139
25129
25288
43577
26586
25891
36221
26145
25652
27549
28826
26019
28839
27265
25951
26823
30313
26505
40331
25389
24334
26600
30484
32848
42540
24907
24810
27068
26284
26395
24438
25359
25825
26040
27862
25911
39681
25134
26195
23634
28348
25594
24934
25411
26830
24664
28852
25835
38771
28529
24600
24371
26528
23512
26562
24312
26786
25806
25839
27758
24358
26553
26645
25074
26873
37011
27852
27736
26066
25551
38467
26057
24841
26517
26005
26496
26185
26147
24631
26065
24280
27737
25458
24672
25435
35864
25459
23972
28123
39193
26061
25117
26614
25957
26152
26400
35153
39151
25976
25917
24781
24151
25888
26221
27268
26752
28434
26848
25566
26673
30432
26819
40212
38039
27461
28160
26352
25348
24161
31652
23777
25412
24850
27267
38551
26496
23706
31093
28252
26109
26555
26667
26334
28292
28088
26550
23747
29732
25879
26575
25799
30192
27633
25562
24254
26980
26660
27046
25497
25522
26304
24308
26101
25369
28689
25934
26194
27032
25565
29598
37283
26835
28687
26937
33393
26151
25085
26504
27506
26944
29339
28000
26614
23609
24678
28187
25709
29301
24682
28263
24754
26668
23611
25481
26278
26721
23755
25408
28715
26849
24315
26473
28846
24115
25794
28015
26056
25035
28486
26959
26429
27495
23927
27765
23877
27459
26506
24184
24275
26463
28301
26085
26388
26304
27031
27025
26800
26718
27239
27850
27583
24020
42307
41532
25126
24531
26623
26342
25245
26592
29807
26254
28125
26465
24575
26342
39607
29466
26677
27691
23937
26624
27457
25392
27309
26893
27056
46862
28506
27046
26092
27857
29472
23973
26437
26888
25609
34237
26271
26713
26548
28806
41733
25662
25873
26438
23701
23787
26081
26548
28749
28030
43403
24158
26346
26485
28768
35872
25488
24809
23698
29042
28711
26188
23994
26325
28918
28644
27296
28923
26606
24286
26332
29910
24106
25089
24368
26143
25628
24406
26390
25975
27545
25406
26379
27213
24898
25978
25817
26689
25423
30698
25821
27546
28705
26720
25647
28934
24674
27081
28371
35047
30013
23907
28978
24617
26826
26397
40535
26920
27281
27264
26770
25347
25868
26884
26360
25668
26863
24427
24518
27543
25990
43422
30931
23737
23785
24754
25471
27432
25127
24779
30214
24325
24308
24498
26911
24225
25126
24709
27280
35527
24135
47404
24646
24259
37268
23842
27761
28333
27286
24124
27052
26998
25733
24621
24155
29010
25235
23716
29646
27071
25321
26220
26681
27546
26668
23952
29183
28135
24170
23865
42028
26000
36924
24333
24629
26869
45155
25027
40459
23981
26162
24047
27502
24696
28704
27019
28722
26457
26594
28057
24420
26212
25665
26188
26611
29119
24380
24270
29125
24437
25034
35655
26474
23842
36480
23868
25520
30704
24238
24804
31209
34514
24856
26870
23730
24447
25537
25894
24509
24222
24611
27078
25244
26276
27053
25816
25939
27028
24795
30385
33793
24213
24241
26034
27144
26060
27302
26778
25307
28352
28132
24576
27055
24917
25889
25174
28727
25078
25708
27667
24914
25520
24897
26588
24307
24924
24527
37877
45470
31834
24224
24678
24612
24472
36552
24695
24738
27025
27468
30381
24410
29480
26191
24547
26868
25069
26398
26744
25204
26974
24928
24712
24937
24714
25959
26525
39047
24374
24470
28556
24134
25369
24233
24846
26842
25910
23908
23818
29104
26362
24772
27465
26175
24881
24879
24687
24651
27963
25010
25613
26020
24058
26025
24519
24077
25263
26028
24210
26181
36285
24854
24192
27645
25095
28200
24171
25288
23896
25083
23940
24759
27213
26368
25427
25893
26282
26875
26649
43553
24773
24787
29022
25006
24397
24692
25253
24134
25809
30876
26644
25346
24831
24417
27722
24328
24910
23864
42929
25642
25472
26361
25085
27951
27641
24603
38172
25757
35887
34402
27672
25293
24432
31364
25277
24507
24743
24394
27148
24894
25158
24369
24431
24863
23873
42405
46447
24869
24901
27248
44847
27067
30885
26806
26850
27619
23670
27966
25225
27505
24902
25265
26147
38998
24765
25601
25500
33714
25689
25589
24505
25653
27299
24679
24190
24628
26475
24941
26933
24975
24812
24669
28410
26935
25438
24737
25136
24707
27621
24806
25453
28751
24340
24291
26645
26032
26134
24829
24980
42860
25156
25560
27316
26703
26307
26692
26776
26678
24530
24776
24745
38491
24424
27083
42968
28222
25217
27613
30012
29941
35471
24166
29415
25230
24732
25163
25471
30231
25706
26580
25284
26791
26754
